GENERATED FUNCTION 1 in 00:00:07.5595531:

void Sort(int[] A)
{
    if(A[0] > A[1])
    {
        Swap(A, 0, 1);
    }
    if(A[2] > A[3])
    {
        Swap(A, 2, 3);
    }
    if(A[0] > A[2])
    {
        Swap(A, 0, 2);
    }
    if(A[1] > A[3])
    {
        Swap(A, 1, 3);
    }
    if(A[1] > A[2])
    {
        Swap(A, 1, 2);
    }
}

Function    Count       ExecCount   AvgExeCount MinExeCount MaxExeCount 
--------    -----       ---------   ----------- ----------- ----------- 
sort        1           24          1           1           1           
if          5           120         5           5           5           
gt          5           120         5           5           5           
gv          10          240         10          10          10          
swap        5           64          2.667       1           5           
list        16          24          1           1           1           


|-sort			swap:5 if:5 States:2359, 2359, 2359, 2359, 2359, 2359, 2359, 2359, 2359, 2359, 2359, 2359, 2359, 2359, 2359, 2359, 2359, 2359, 2359, 2359, 2359, 2359, 2359, 2359 Scope:0,1,2,3,4,5,6,7,8,9,10,11,12,13,14,15,16,17,18,19,20,21,22,23
| |-list
| \-if			swap:5 if:5 States:2359, 2359, 2359, 2359, 2359, 2359, 2359, 2359, 2359, 2359, 2359, 2359, 2359, 2359, 2359, 2359, 2359, 2359, 2359, 2359, 2359, 2359, 2359, 2359 Scope:0,1,2,3,4,5,8,9,10,11,16,17
|   |-gt
|   | |-gv
|   | | |-list
|   | | \-int 0
|   | \-gv
|   |   |-list
|   |   \-int 1
|   \-swap			swap:1 if:1 States:5932, 5923, 3952, 3925, 2953, 2935, 5932, 5923, 3592, 3529, 2593, 2539, 3952, 3925, 3592, 3529, 2395, 2359, 2953, 2935, 2593, 2539, 2395, 2359 Scope:0,1,2,3,4,5,8,9,10,11,16,17
|     |-list
|     |-int 0
|     \-int 1
|   \-if			swap:5 if:5 States:2359, 2359, 2359, 2359, 2359, 2359, 2359, 2359, 2359, 2359, 2359, 2359, 2359, 2359, 2359, 2359, 2359, 2359, 2359, 2359, 2359, 2359, 2359, 2359 Scope:0,2,4,6,8,10,12,14,16,18,20,22
|     |-gt
|     | |-gv
|     | | |-list
|     | | \-int 2
|     | \-gv
|     |   |-list
|     |   \-int 3
|     \-swap			swap:2 if:2 States:5923, 5923, 3925, 3925, 2935, 2935, 5923, 5923, 3529, 3529, 2539, 2539, 3925, 3925, 3529, 3529, 2359, 2359, 2935, 2935, 2539, 2539, 2359, 2359 Scope:0,2,4,6,8,10,12,14,16,18,20,22
|       |-list
|       |-int 2
|       \-int 3
|     \-if			swap:5 if:5 States:2359, 2359, 2359, 2359, 2359, 2359, 2359, 2359, 2359, 2359, 2359, 2359, 2359, 2359, 2359, 2359, 2359, 2359, 2359, 2359, 2359, 2359, 2359, 2359 Scope:0,1,2,3,6,7,8,9,12,13,14,15
|       |-gt
|       | |-gv
|       | | |-list
|       | | \-int 0
|       | \-gv
|       |   |-list
|       |   \-int 2
|       \-swap			swap:3 if:3 States:2953, 2953, 2935, 2935, 2935, 2935, 2953, 2953, 2539, 2539, 2539, 2539, 2935, 2935, 2539, 2539, 2359, 2359, 2935, 2935, 2539, 2539, 2359, 2359 Scope:0,1,2,3,6,7,8,9,12,13,14,15
|         |-list
|         |-int 0
|         \-int 2
|       \-if			swap:5 if:5 States:2359, 2359, 2359, 2359, 2359, 2359, 2359, 2359, 2359, 2359, 2359, 2359, 2359, 2359, 2359, 2359, 2359, 2359, 2359, 2359, 2359, 2359, 2359, 2359 Scope:0,1,2,3,4,5,6,7,12,13,18,19
|         |-gt
|         | |-gv
|         | | |-list
|         | | \-int 1
|         | \-gv
|         |   |-list
|         |   \-int 3
|         \-swap			swap:4 if:4 States:2359, 2359, 2539, 2539, 2539, 2539, 2359, 2359, 2539, 2539, 2539, 2539, 2539, 2539, 2539, 2539, 2359, 2359, 2539, 2539, 2539, 2539, 2359, 2359 Scope:0,1,2,3,4,5,6,7,12,13,18,19
|           |-list
|           |-int 1
|           \-int 3
|         \-if			swap:5 if:5 States:2359, 2359, 2359, 2359, 2359, 2359, 2359, 2359, 2359, 2359, 2359, 2359, 2359, 2359, 2359, 2359, 2359, 2359, 2359, 2359, 2359, 2359, 2359, 2359 Scope:2,3,4,5,8,9,10,11,12,13,14,15,18,19,20,21
|           |-gt
|           | |-gv
|           | | |-list
|           | | \-int 1
|           | \-gv
|           |   |-list
|           |   \-int 2
|           \-swap			swap:5 if:5 States:2359, 2359, 2359, 2359, 2359, 2359, 2359, 2359, 2359, 2359, 2359, 2359, 2359, 2359, 2359, 2359, 2359, 2359, 2359, 2359, 2359, 2359, 2359, 2359 Scope:2,3,4,5,8,9,10,11,12,13,14,15,18,19,20,21
|             |-list
|             |-int 1
|             \-int 2


############################################################


GENERATED FUNCTION 2 in 00:00:07.5810052:

void Sort(int[] A)
{
    if(A[0] > A[1])
    {
        Swap(A, 0, 1);
    }
    if(A[2] > A[3])
    {
        Swap(A, 2, 3);
    }
    if(A[0] > A[2])
    {
        Swap(A, 0, 2);
        Swap(A, 1, 3);
    }
    if(A[1] > A[2])
    {
        if(A[1] > A[3])
        {
            Swap(A, 1, 3);
        }
        Swap(A, 1, 2);
    }
}

Function    Count       ExecCount   AvgExeCount MinExeCount MaxExeCount 
--------    -----       ---------   ----------- ----------- ----------- 
sort        1           24          1           1           1           
if          5           112         4.667       4           5           
gt          5           112         4.667       4           5           
gv          10          224         9.333       8           10          
swap        6           72          3           1           6           
list        17          24          1           1           1           


|-sort			swap:6 if:5 States:2359, 2359, 2359, 2359, 2359, 2359, 2359, 2359, 2359, 2359, 2359, 2359, 2359, 2359, 2359, 2359, 2359, 2359, 2359, 2359, 2359, 2359, 2359, 2359 Scope:0,1,2,3,4,5,6,7,8,9,10,11,12,13,14,15,16,17,18,19,20,21,22,23
| |-list
| \-if			swap:6 if:5 States:2359, 2359, 2359, 2359, 2359, 2359, 2359, 2359, 2359, 2359, 2359, 2359, 2359, 2359, 2359, 2359, 2359, 2359, 2359, 2359, 2359, 2359, 2359, 2359 Scope:0,1,2,3,4,5,8,9,10,11,16,17
|   |-gt
|   | |-gv
|   | | |-list
|   | | \-int 0
|   | \-gv
|   |   |-list
|   |   \-int 1
|   \-swap			swap:1 if:1 States:5932, 5923, 3952, 3925, 2953, 2935, 5932, 5923, 3592, 3529, 2593, 2539, 3952, 3925, 3592, 3529, 2395, 2359, 2953, 2935, 2593, 2539, 2395, 2359 Scope:0,1,2,3,4,5,8,9,10,11,16,17
|     |-list
|     |-int 0
|     \-int 1
|   \-if			swap:6 if:5 States:2359, 2359, 2359, 2359, 2359, 2359, 2359, 2359, 2359, 2359, 2359, 2359, 2359, 2359, 2359, 2359, 2359, 2359, 2359, 2359, 2359, 2359, 2359, 2359 Scope:0,2,4,6,8,10,12,14,16,18,20,22
|     |-gt
|     | |-gv
|     | | |-list
|     | | \-int 2
|     | \-gv
|     |   |-list
|     |   \-int 3
|     \-swap			swap:2 if:2 States:5923, 5923, 3925, 3925, 2935, 2935, 5923, 5923, 3529, 3529, 2539, 2539, 3925, 3925, 3529, 3529, 2359, 2359, 2935, 2935, 2539, 2539, 2359, 2359 Scope:0,2,4,6,8,10,12,14,16,18,20,22
|       |-list
|       |-int 2
|       \-int 3
|     \-if			swap:6 if:5 States:2359, 2359, 2359, 2359, 2359, 2359, 2359, 2359, 2359, 2359, 2359, 2359, 2359, 2359, 2359, 2359, 2359, 2359, 2359, 2359, 2359, 2359, 2359, 2359 Scope:0,1,2,3,6,7,8,9,12,13,14,15
|       |-gt
|       | |-gv
|       | | |-list
|       | | \-int 0
|       | \-gv
|       |   |-list
|       |   \-int 2
|       \-swap			swap:4 if:3 States:2359, 2359, 2539, 2539, 2935, 2935, 2359, 2359, 2935, 2935, 2539, 2539, 2539, 2539, 2935, 2935, 2359, 2359, 2935, 2935, 2539, 2539, 2359, 2359 Scope:0,1,2,3,6,7,8,9,12,13,14,15
|         |-list
|         |-int 0
|         \-int 2
|         \-swap			swap:4 if:3 States:2359, 2359, 2539, 2539, 2935, 2935, 2359, 2359, 2935, 2935, 2539, 2539, 2539, 2539, 2935, 2935, 2359, 2359, 2935, 2935, 2539, 2539, 2359, 2359 Scope:0,1,2,3,6,7,8,9,12,13,14,15
|           |-list
|           |-int 1
|           \-int 3
|       \-if			swap:6 if:5 States:2359, 2359, 2359, 2359, 2359, 2359, 2359, 2359, 2359, 2359, 2359, 2359, 2359, 2359, 2359, 2359, 2359, 2359, 2359, 2359, 2359, 2359, 2359, 2359 Scope:2,3,4,5,8,9,10,11,12,13,14,15,18,19,20,21
|         |-gt
|         | |-gv
|         | | |-list
|         | | \-int 1
|         | \-gv
|         |   |-list
|         |   \-int 2
|         \-if			swap:6 if:5 States:2359, 2359, 2359, 2359, 2359, 2359, 2359, 2359, 2359, 2359, 2359, 2359, 2359, 2359, 2359, 2359, 2359, 2359, 2359, 2359, 2359, 2359, 2359, 2359 Scope:4,5,8,9,14,15,18,19
|           |-gt
|           | |-gv
|           | | |-list
|           | | \-int 1
|           | \-gv
|           |   |-list
|           |   \-int 3
|           \-swap			swap:5 if:5 States:2359, 2359, 2539, 2539, 2539, 2539, 2359, 2359, 2539, 2539, 2539, 2539, 2539, 2539, 2539, 2539, 2359, 2359, 2539, 2539, 2539, 2539, 2359, 2359 Scope:4,5,8,9,14,15,18,19
|             |-list
|             |-int 1
|             \-int 3
|           \-swap			swap:6 if:5 States:2359, 2359, 2359, 2359, 2359, 2359, 2359, 2359, 2359, 2359, 2359, 2359, 2359, 2359, 2359, 2359, 2359, 2359, 2359, 2359, 2359, 2359, 2359, 2359 Scope:2,3,4,5,8,9,10,11,12,13,14,15,18,19,20,21
|             |-list
|             |-int 1
|             \-int 2


############################################################


GENERATED FUNCTION 3 in 00:00:07.7189538:

void Sort(int[] A)
{
    if(A[0] > A[1])
    {
        Swap(A, 0, 1);
    }
    if(A[2] > A[3])
    {
        Swap(A, 2, 3);
    }
    if(A[1] > A[3])
    {
        Swap(A, 1, 3);
    }
    if(A[0] > A[2])
    {
        Swap(A, 0, 2);
    }
    if(A[1] > A[2])
    {
        Swap(A, 1, 2);
    }
}

Function    Count       ExecCount   AvgExeCount MinExeCount MaxExeCount 
--------    -----       ---------   ----------- ----------- ----------- 
sort        1           24          1           1           1           
if          5           120         5           5           5           
gt          5           120         5           5           5           
gv          10          240         10          10          10          
swap        5           64          2.667       1           5           
list        16          24          1           1           1           


|-sort			swap:5 if:5 States:2359, 2359, 2359, 2359, 2359, 2359, 2359, 2359, 2359, 2359, 2359, 2359, 2359, 2359, 2359, 2359, 2359, 2359, 2359, 2359, 2359, 2359, 2359, 2359 Scope:0,1,2,3,4,5,6,7,8,9,10,11,12,13,14,15,16,17,18,19,20,21,22,23
| |-list
| \-if			swap:5 if:5 States:2359, 2359, 2359, 2359, 2359, 2359, 2359, 2359, 2359, 2359, 2359, 2359, 2359, 2359, 2359, 2359, 2359, 2359, 2359, 2359, 2359, 2359, 2359, 2359 Scope:0,1,2,3,4,5,8,9,10,11,16,17
|   |-gt
|   | |-gv
|   | | |-list
|   | | \-int 0
|   | \-gv
|   |   |-list
|   |   \-int 1
|   \-swap			swap:1 if:1 States:5932, 5923, 3952, 3925, 2953, 2935, 5932, 5923, 3592, 3529, 2593, 2539, 3952, 3925, 3592, 3529, 2395, 2359, 2953, 2935, 2593, 2539, 2395, 2359 Scope:0,1,2,3,4,5,8,9,10,11,16,17
|     |-list
|     |-int 0
|     \-int 1
|   \-if			swap:5 if:5 States:2359, 2359, 2359, 2359, 2359, 2359, 2359, 2359, 2359, 2359, 2359, 2359, 2359, 2359, 2359, 2359, 2359, 2359, 2359, 2359, 2359, 2359, 2359, 2359 Scope:0,2,4,6,8,10,12,14,16,18,20,22
|     |-gt
|     | |-gv
|     | | |-list
|     | | \-int 2
|     | \-gv
|     |   |-list
|     |   \-int 3
|     \-swap			swap:2 if:2 States:5923, 5923, 3925, 3925, 2935, 2935, 5923, 5923, 3529, 3529, 2539, 2539, 3925, 3925, 3529, 3529, 2359, 2359, 2935, 2935, 2539, 2539, 2359, 2359 Scope:0,2,4,6,8,10,12,14,16,18,20,22
|       |-list
|       |-int 2
|       \-int 3
|     \-if			swap:5 if:5 States:2359, 2359, 2359, 2359, 2359, 2359, 2359, 2359, 2359, 2359, 2359, 2359, 2359, 2359, 2359, 2359, 2359, 2359, 2359, 2359, 2359, 2359, 2359, 2359 Scope:0,1,2,3,4,5,6,7,12,13,18,19
|       |-gt
|       | |-gv
|       | | |-list
|       | | \-int 1
|       | \-gv
|       |   |-list
|       |   \-int 3
|       \-swap			swap:3 if:3 States:5329, 5329, 3529, 3529, 2539, 2539, 5329, 5329, 3529, 3529, 2539, 2539, 3529, 3529, 3529, 3529, 2359, 2359, 2539, 2539, 2539, 2539, 2359, 2359 Scope:0,1,2,3,4,5,6,7,12,13,18,19
|         |-list
|         |-int 1
|         \-int 3
|       \-if			swap:5 if:5 States:2359, 2359, 2359, 2359, 2359, 2359, 2359, 2359, 2359, 2359, 2359, 2359, 2359, 2359, 2359, 2359, 2359, 2359, 2359, 2359, 2359, 2359, 2359, 2359 Scope:0,1,2,3,6,7,8,9,12,13,14,15
|         |-gt
|         | |-gv
|         | | |-list
|         | | \-int 0
|         | \-gv
|         |   |-list
|         |   \-int 2
|         \-swap			swap:4 if:4 States:2359, 2359, 2539, 2539, 2539, 2539, 2359, 2359, 2539, 2539, 2539, 2539, 2539, 2539, 2539, 2539, 2359, 2359, 2539, 2539, 2539, 2539, 2359, 2359 Scope:0,1,2,3,6,7,8,9,12,13,14,15
|           |-list
|           |-int 0
|           \-int 2
|         \-if			swap:5 if:5 States:2359, 2359, 2359, 2359, 2359, 2359, 2359, 2359, 2359, 2359, 2359, 2359, 2359, 2359, 2359, 2359, 2359, 2359, 2359, 2359, 2359, 2359, 2359, 2359 Scope:2,3,4,5,8,9,10,11,12,13,14,15,18,19,20,21
|           |-gt
|           | |-gv
|           | | |-list
|           | | \-int 1
|           | \-gv
|           |   |-list
|           |   \-int 2
|           \-swap			swap:5 if:5 States:2359, 2359, 2359, 2359, 2359, 2359, 2359, 2359, 2359, 2359, 2359, 2359, 2359, 2359, 2359, 2359, 2359, 2359, 2359, 2359, 2359, 2359, 2359, 2359 Scope:2,3,4,5,8,9,10,11,12,13,14,15,18,19,20,21
|             |-list
|             |-int 1
|             \-int 2


############################################################


GENERATED FUNCTION 4 in 00:00:07.7204717:

void Sort(int[] A)
{
    if(A[0] > A[1])
    {
        Swap(A, 0, 1);
    }
    if(A[2] > A[3])
    {
        Swap(A, 2, 3);
    }
    if(A[1] > A[3])
    {
        Swap(A, 1, 3);
        Swap(A, 0, 2);
    }
    if(A[1] > A[2])
    {
        if(A[0] > A[2])
        {
            Swap(A, 0, 2);
        }
        Swap(A, 1, 2);
    }
}

Function    Count       ExecCount   AvgExeCount MinExeCount MaxExeCount 
--------    -----       ---------   ----------- ----------- ----------- 
sort        1           24          1           1           1           
if          5           112         4.667       4           5           
gt          5           112         4.667       4           5           
gv          10          224         9.333       8           10          
swap        6           72          3           1           6           
list        17          24          1           1           1           


|-sort			swap:6 if:5 States:2359, 2359, 2359, 2359, 2359, 2359, 2359, 2359, 2359, 2359, 2359, 2359, 2359, 2359, 2359, 2359, 2359, 2359, 2359, 2359, 2359, 2359, 2359, 2359 Scope:0,1,2,3,4,5,6,7,8,9,10,11,12,13,14,15,16,17,18,19,20,21,22,23
| |-list
| \-if			swap:6 if:5 States:2359, 2359, 2359, 2359, 2359, 2359, 2359, 2359, 2359, 2359, 2359, 2359, 2359, 2359, 2359, 2359, 2359, 2359, 2359, 2359, 2359, 2359, 2359, 2359 Scope:0,1,2,3,4,5,8,9,10,11,16,17
|   |-gt
|   | |-gv
|   | | |-list
|   | | \-int 0
|   | \-gv
|   |   |-list
|   |   \-int 1
|   \-swap			swap:1 if:1 States:5932, 5923, 3952, 3925, 2953, 2935, 5932, 5923, 3592, 3529, 2593, 2539, 3952, 3925, 3592, 3529, 2395, 2359, 2953, 2935, 2593, 2539, 2395, 2359 Scope:0,1,2,3,4,5,8,9,10,11,16,17
|     |-list
|     |-int 0
|     \-int 1
|   \-if			swap:6 if:5 States:2359, 2359, 2359, 2359, 2359, 2359, 2359, 2359, 2359, 2359, 2359, 2359, 2359, 2359, 2359, 2359, 2359, 2359, 2359, 2359, 2359, 2359, 2359, 2359 Scope:0,2,4,6,8,10,12,14,16,18,20,22
|     |-gt
|     | |-gv
|     | | |-list
|     | | \-int 2
|     | \-gv
|     |   |-list
|     |   \-int 3
|     \-swap			swap:2 if:2 States:5923, 5923, 3925, 3925, 2935, 2935, 5923, 5923, 3529, 3529, 2539, 2539, 3925, 3925, 3529, 3529, 2359, 2359, 2935, 2935, 2539, 2539, 2359, 2359 Scope:0,2,4,6,8,10,12,14,16,18,20,22
|       |-list
|       |-int 2
|       \-int 3
|     \-if			swap:6 if:5 States:2359, 2359, 2359, 2359, 2359, 2359, 2359, 2359, 2359, 2359, 2359, 2359, 2359, 2359, 2359, 2359, 2359, 2359, 2359, 2359, 2359, 2359, 2359, 2359 Scope:0,1,2,3,4,5,6,7,12,13,18,19
|       |-gt
|       | |-gv
|       | | |-list
|       | | \-int 1
|       | \-gv
|       |   |-list
|       |   \-int 3
|       \-swap			swap:4 if:3 States:2359, 2359, 2539, 2539, 3529, 3529, 2359, 2359, 3529, 3529, 2539, 2539, 2539, 2539, 3529, 3529, 2359, 2359, 3529, 3529, 2539, 2539, 2359, 2359 Scope:0,1,2,3,4,5,6,7,12,13,18,19
|         |-list
|         |-int 1
|         \-int 3
|         \-swap			swap:4 if:3 States:2359, 2359, 2539, 2539, 3529, 3529, 2359, 2359, 3529, 3529, 2539, 2539, 2539, 2539, 3529, 3529, 2359, 2359, 3529, 3529, 2539, 2539, 2359, 2359 Scope:0,1,2,3,4,5,6,7,12,13,18,19
|           |-list
|           |-int 0
|           \-int 2
|       \-if			swap:6 if:5 States:2359, 2359, 2359, 2359, 2359, 2359, 2359, 2359, 2359, 2359, 2359, 2359, 2359, 2359, 2359, 2359, 2359, 2359, 2359, 2359, 2359, 2359, 2359, 2359 Scope:2,3,4,5,8,9,10,11,12,13,14,15,18,19,20,21
|         |-gt
|         | |-gv
|         | | |-list
|         | | \-int 1
|         | \-gv
|         |   |-list
|         |   \-int 2
|         \-if			swap:6 if:5 States:2359, 2359, 2359, 2359, 2359, 2359, 2359, 2359, 2359, 2359, 2359, 2359, 2359, 2359, 2359, 2359, 2359, 2359, 2359, 2359, 2359, 2359, 2359, 2359 Scope:4,5,8,9,14,15,18,19
|           |-gt
|           | |-gv
|           | | |-list
|           | | \-int 0
|           | \-gv
|           |   |-list
|           |   \-int 2
|           \-swap			swap:5 if:5 States:2359, 2359, 2539, 2539, 2539, 2539, 2359, 2359, 2539, 2539, 2539, 2539, 2539, 2539, 2539, 2539, 2359, 2359, 2539, 2539, 2539, 2539, 2359, 2359 Scope:4,5,8,9,14,15,18,19
|             |-list
|             |-int 0
|             \-int 2
|           \-swap			swap:6 if:5 States:2359, 2359, 2359, 2359, 2359, 2359, 2359, 2359, 2359, 2359, 2359, 2359, 2359, 2359, 2359, 2359, 2359, 2359, 2359, 2359, 2359, 2359, 2359, 2359 Scope:2,3,4,5,8,9,10,11,12,13,14,15,18,19,20,21
|             |-list
|             |-int 1
|             \-int 2


############################################################


GENERATED FUNCTION 5 in 00:02:39.2355871:

void Sort(int[] A)
{
    if(A[0] > A[2])
    {
        Swap(A, 0, 2);
    }
    if(A[1] > A[3])
    {
        Swap(A, 1, 3);
    }
    if(A[0] > A[1])
    {
        Swap(A, 0, 1);
    }
    if(A[2] > A[3])
    {
        Swap(A, 2, 3);
    }
    if(A[1] > A[2])
    {
        Swap(A, 1, 2);
    }
}

Function    Count       ExecCount   AvgExeCount MinExeCount MaxExeCount 
--------    -----       ---------   ----------- ----------- ----------- 
sort        1           24          1           1           1           
if          5           120         5           5           5           
gt          5           120         5           5           5           
gv          10          240         10          10          10          
swap        5           56          2.333       1           5           
list        16          24          1           1           1           


|-sort			swap:5 if:5 States:2359, 2359, 2359, 2359, 2359, 2359, 2359, 2359, 2359, 2359, 2359, 2359, 2359, 2359, 2359, 2359, 2359, 2359, 2359, 2359, 2359, 2359, 2359, 2359 Scope:0,1,2,3,4,5,6,7,8,9,10,11,12,13,14,15,16,17,18,19,20,21,22,23
| |-list
| \-if			swap:5 if:5 States:2359, 2359, 2359, 2359, 2359, 2359, 2359, 2359, 2359, 2359, 2359, 2359, 2359, 2359, 2359, 2359, 2359, 2359, 2359, 2359, 2359, 2359, 2359, 2359 Scope:0,1,2,3,4,5,6,7,9,11,13,15
|   |-gt
|   | |-gv
|   | | |-list
|   | | \-int 0
|   | \-gv
|   |   |-list
|   |   \-int 2
|   \-swap			swap:1 if:1 States:3592, 2593, 5392, 2395, 5293, 3295, 3952, 2953, 5392, 2359, 5293, 3259, 3952, 2935, 3592, 2539, 3295, 3259, 2953, 2935, 2593, 2539, 2395, 2359 Scope:0,1,2,3,4,5,6,7,9,11,13,15
|     |-list
|     |-int 0
|     \-int 2
|   \-if			swap:5 if:5 States:2359, 2359, 2359, 2359, 2359, 2359, 2359, 2359, 2359, 2359, 2359, 2359, 2359, 2359, 2359, 2359, 2359, 2359, 2359, 2359, 2359, 2359, 2359, 2359 Scope:0,1,2,6,7,8,12,13,14,18,19,20
|     |-gt
|     | |-gv
|     | | |-list
|     | | \-int 1
|     | \-gv
|     |   |-list
|     |   \-int 3
|     \-swap			swap:2 if:2 States:3295, 2395, 5293, 2395, 5293, 3295, 3259, 2359, 5293, 2359, 5293, 3259, 3259, 2539, 3295, 2539, 3295, 3259, 2359, 2539, 2395, 2539, 2395, 2359 Scope:0,1,2,6,7,8,12,13,14,18,19,20
|       |-list
|       |-int 1
|       \-int 3
|     \-if			swap:5 if:5 States:2359, 2359, 2359, 2359, 2359, 2359, 2359, 2359, 2359, 2359, 2359, 2359, 2359, 2359, 2359, 2359, 2359, 2359, 2359, 2359, 2359, 2359, 2359, 2359 Scope:0,2,4,5,6,8,10,11,12,14,16,17
|       |-gt
|       | |-gv
|       | | |-list
|       | | \-int 0
|       | \-gv
|       |   |-list
|       |   \-int 1
|       \-swap			swap:3 if:3 States:2395, 2395, 2593, 2395, 2593, 2395, 2359, 2359, 2593, 2359, 2593, 2359, 2359, 2539, 2395, 2539, 2395, 2359, 2359, 2539, 2395, 2539, 2395, 2359 Scope:0,2,4,5,6,8,10,11,12,14,16,17
|         |-list
|         |-int 0
|         \-int 1
|       \-if			swap:5 if:5 States:2359, 2359, 2359, 2359, 2359, 2359, 2359, 2359, 2359, 2359, 2359, 2359, 2359, 2359, 2359, 2359, 2359, 2359, 2359, 2359, 2359, 2359, 2359, 2359 Scope:0,1,2,3,4,5,8,10,14,16,20,22
|         |-gt
|         | |-gv
|         | | |-list
|         | | \-int 2
|         | \-gv
|         |   |-list
|         |   \-int 3
|         \-swap			swap:4 if:4 States:2359, 2359, 2539, 2359, 2539, 2359, 2359, 2359, 2539, 2359, 2539, 2359, 2359, 2539, 2359, 2539, 2359, 2359, 2359, 2539, 2359, 2539, 2359, 2359 Scope:0,1,2,3,4,5,8,10,14,16,20,22
|           |-list
|           |-int 2
|           \-int 3
|         \-if			swap:5 if:5 States:2359, 2359, 2359, 2359, 2359, 2359, 2359, 2359, 2359, 2359, 2359, 2359, 2359, 2359, 2359, 2359, 2359, 2359, 2359, 2359, 2359, 2359, 2359, 2359 Scope:2,4,8,10,13,15,19,21
|           |-gt
|           | |-gv
|           | | |-list
|           | | \-int 1
|           | \-gv
|           |   |-list
|           |   \-int 2
|           \-swap			swap:5 if:5 States:2359, 2359, 2359, 2359, 2359, 2359, 2359, 2359, 2359, 2359, 2359, 2359, 2359, 2359, 2359, 2359, 2359, 2359, 2359, 2359, 2359, 2359, 2359, 2359 Scope:2,4,8,10,13,15,19,21
|             |-list
|             |-int 1
|             \-int 2


############################################################


GENERATED FUNCTION 6 in 00:02:39.2738908:

void Sort(int[] A)
{
    if(A[0] > A[2])
    {
        Swap(A, 0, 2);
    }
    if(A[1] > A[3])
    {
        Swap(A, 1, 3);
    }
    if(A[2] > A[3])
    {
        Swap(A, 2, 3);
    }
    if(A[0] > A[1])
    {
        Swap(A, 0, 1);
    }
    if(A[1] > A[2])
    {
        Swap(A, 1, 2);
    }
}

Function    Count       ExecCount   AvgExeCount MinExeCount MaxExeCount 
--------    -----       ---------   ----------- ----------- ----------- 
sort        1           24          1           1           1           
if          5           120         5           5           5           
gt          5           120         5           5           5           
gv          10          240         10          10          10          
swap        5           56          2.333       1           5           
list        16          24          1           1           1           


|-sort			swap:5 if:5 States:2359, 2359, 2359, 2359, 2359, 2359, 2359, 2359, 2359, 2359, 2359, 2359, 2359, 2359, 2359, 2359, 2359, 2359, 2359, 2359, 2359, 2359, 2359, 2359 Scope:0,1,2,3,4,5,6,7,8,9,10,11,12,13,14,15,16,17,18,19,20,21,22,23
| |-list
| \-if			swap:5 if:5 States:2359, 2359, 2359, 2359, 2359, 2359, 2359, 2359, 2359, 2359, 2359, 2359, 2359, 2359, 2359, 2359, 2359, 2359, 2359, 2359, 2359, 2359, 2359, 2359 Scope:0,1,2,3,4,5,6,7,9,11,13,15
|   |-gt
|   | |-gv
|   | | |-list
|   | | \-int 0
|   | \-gv
|   |   |-list
|   |   \-int 2
|   \-swap			swap:1 if:1 States:3592, 2593, 5392, 2395, 5293, 3295, 3952, 2953, 5392, 2359, 5293, 3259, 3952, 2935, 3592, 2539, 3295, 3259, 2953, 2935, 2593, 2539, 2395, 2359 Scope:0,1,2,3,4,5,6,7,9,11,13,15
|     |-list
|     |-int 0
|     \-int 2
|   \-if			swap:5 if:5 States:2359, 2359, 2359, 2359, 2359, 2359, 2359, 2359, 2359, 2359, 2359, 2359, 2359, 2359, 2359, 2359, 2359, 2359, 2359, 2359, 2359, 2359, 2359, 2359 Scope:0,1,2,6,7,8,12,13,14,18,19,20
|     |-gt
|     | |-gv
|     | | |-list
|     | | \-int 1
|     | \-gv
|     |   |-list
|     |   \-int 3
|     \-swap			swap:2 if:2 States:3295, 2395, 5293, 2395, 5293, 3295, 3259, 2359, 5293, 2359, 5293, 3259, 3259, 2539, 3295, 2539, 3295, 3259, 2359, 2539, 2395, 2539, 2395, 2359 Scope:0,1,2,6,7,8,12,13,14,18,19,20
|       |-list
|       |-int 1
|       \-int 3
|     \-if			swap:5 if:5 States:2359, 2359, 2359, 2359, 2359, 2359, 2359, 2359, 2359, 2359, 2359, 2359, 2359, 2359, 2359, 2359, 2359, 2359, 2359, 2359, 2359, 2359, 2359, 2359 Scope:0,1,2,3,4,5,8,10,14,16,20,22
|       |-gt
|       | |-gv
|       | | |-list
|       | | \-int 2
|       | \-gv
|       |   |-list
|       |   \-int 3
|       \-swap			swap:3 if:3 States:3259, 2359, 5239, 2359, 5239, 3259, 3259, 2359, 5239, 2359, 5239, 3259, 3259, 2539, 3259, 2539, 3259, 3259, 2359, 2539, 2359, 2539, 2359, 2359 Scope:0,1,2,3,4,5,8,10,14,16,20,22
|         |-list
|         |-int 2
|         \-int 3
|       \-if			swap:5 if:5 States:2359, 2359, 2359, 2359, 2359, 2359, 2359, 2359, 2359, 2359, 2359, 2359, 2359, 2359, 2359, 2359, 2359, 2359, 2359, 2359, 2359, 2359, 2359, 2359 Scope:0,2,4,5,6,8,10,11,12,14,16,17
|         |-gt
|         | |-gv
|         | | |-list
|         | | \-int 0
|         | \-gv
|         |   |-list
|         |   \-int 1
|         \-swap			swap:4 if:4 States:2359, 2359, 2539, 2359, 2539, 2359, 2359, 2359, 2539, 2359, 2539, 2359, 2359, 2539, 2359, 2539, 2359, 2359, 2359, 2539, 2359, 2539, 2359, 2359 Scope:0,2,4,5,6,8,10,11,12,14,16,17
|           |-list
|           |-int 0
|           \-int 1
|         \-if			swap:5 if:5 States:2359, 2359, 2359, 2359, 2359, 2359, 2359, 2359, 2359, 2359, 2359, 2359, 2359, 2359, 2359, 2359, 2359, 2359, 2359, 2359, 2359, 2359, 2359, 2359 Scope:2,4,8,10,13,15,19,21
|           |-gt
|           | |-gv
|           | | |-list
|           | | \-int 1
|           | \-gv
|           |   |-list
|           |   \-int 2
|           \-swap			swap:5 if:5 States:2359, 2359, 2359, 2359, 2359, 2359, 2359, 2359, 2359, 2359, 2359, 2359, 2359, 2359, 2359, 2359, 2359, 2359, 2359, 2359, 2359, 2359, 2359, 2359 Scope:2,4,8,10,13,15,19,21
|             |-list
|             |-int 1
|             \-int 2


############################################################


GENERATED FUNCTION 7 in 00:04:25.3428793:

void Sort(int[] A)
{
    if(A[0] > A[3])
    {
        Swap(A, 0, 3);
    }
    if(A[1] > A[2])
    {
        Swap(A, 1, 2);
    }
    if(A[0] > A[1])
    {
        Swap(A, 0, 1);
    }
    if(A[2] > A[3])
    {
        Swap(A, 2, 3);
    }
    if(A[1] > A[2])
    {
        Swap(A, 1, 2);
    }
}

Function    Count       ExecCount   AvgExeCount MinExeCount MaxExeCount 
--------    -----       ---------   ----------- ----------- ----------- 
sort        1           24          1           1           1           
if          5           120         5           5           5           
gt          5           120         5           5           5           
gv          10          240         10          10          10          
swap        5           56          2.333       1           4           
list        16          24          1           1           1           


|-sort			swap:5 if:5 States:2359, 2359, 2359, 2359, 2359, 2359, 2359, 2359, 2359, 2359, 2359, 2359, 2359, 2359, 2359, 2359, 2359, 2359, 2359, 2359, 2359, 2359, 2359, 2359 Scope:0,1,2,3,4,5,6,7,8,9,10,11,12,13,14,15,16,17,18,19,20,21,22,23
| |-list
| \-if			swap:5 if:5 States:2359, 2359, 2359, 2359, 2359, 2359, 2359, 2359, 2359, 2359, 2359, 2359, 2359, 2359, 2359, 2359, 2359, 2359, 2359, 2359, 2359, 2359, 2359, 2359 Scope:0,1,2,3,4,5,6,7,8,10,12,14
|   |-gt
|   | |-gv
|   | | |-list
|   | | \-int 0
|   | \-gv
|   |   |-list
|   |   \-int 3
|   \-swap			swap:1 if:1 States:2539, 3529, 2359, 5329, 3259, 5239, 2935, 3925, 2395, 5329, 3295, 5239, 2953, 3925, 2593, 3529, 3295, 3259, 2953, 2935, 2593, 2539, 2395, 2359 Scope:0,1,2,3,4,5,6,7,8,10,12,14
|     |-list
|     |-int 0
|     \-int 3
|   \-if			swap:5 if:5 States:2359, 2359, 2359, 2359, 2359, 2359, 2359, 2359, 2359, 2359, 2359, 2359, 2359, 2359, 2359, 2359, 2359, 2359, 2359, 2359, 2359, 2359, 2359, 2359 Scope:0,1,3,6,7,9,12,13,15,18,19,21
|     |-gt
|     | |-gv
|     | | |-list
|     | | \-int 1
|     | \-gv
|     |   |-list
|     |   \-int 2
|     \-swap			swap:2 if:2 States:2359, 3259, 2359, 5239, 3259, 5239, 2395, 3295, 2395, 5239, 3295, 5239, 2593, 3295, 2593, 3259, 3295, 3259, 2593, 2395, 2593, 2359, 2395, 2359 Scope:0,1,3,6,7,9,12,13,15,18,19,21
|       |-list
|       |-int 1
|       \-int 2
|     \-if			swap:5 if:5 States:2359, 2359, 2359, 2359, 2359, 2359, 2359, 2359, 2359, 2359, 2359, 2359, 2359, 2359, 2359, 2359, 2359, 2359, 2359, 2359, 2359, 2359, 2359, 2359 Scope:1,3,4,5,7,9,10,11,13,15,16,17
|       |-gt
|       | |-gv
|       | | |-list
|       | | \-int 0
|       | \-gv
|       |   |-list
|       |   \-int 1
|       \-swap			swap:3 if:3 States:2359, 2359, 2359, 2539, 2359, 2539, 2395, 2395, 2395, 2539, 2395, 2539, 2593, 2395, 2593, 2359, 2395, 2359, 2593, 2395, 2593, 2359, 2395, 2359 Scope:1,3,4,5,7,9,10,11,13,15,16,17
|         |-list
|         |-int 0
|         \-int 1
|       \-if			swap:5 if:5 States:2359, 2359, 2359, 2359, 2359, 2359, 2359, 2359, 2359, 2359, 2359, 2359, 2359, 2359, 2359, 2359, 2359, 2359, 2359, 2359, 2359, 2359, 2359, 2359 Scope:6,7,8,10,12,13,14,16,18,19,20,22
|         |-gt
|         | |-gv
|         | | |-list
|         | | \-int 2
|         | \-gv
|         |   |-list
|         |   \-int 3
|         \-swap			swap:4 if:4 States:2359, 2359, 2359, 2539, 2359, 2539, 2359, 2359, 2359, 2539, 2359, 2539, 2539, 2359, 2539, 2359, 2359, 2359, 2539, 2359, 2539, 2359, 2359, 2359 Scope:6,7,8,10,12,13,14,16,18,19,20,22
|           |-list
|           |-int 2
|           \-int 3
|         \-if			swap:5 if:5 States:2359, 2359, 2359, 2359, 2359, 2359, 2359, 2359, 2359, 2359, 2359, 2359, 2359, 2359, 2359, 2359, 2359, 2359, 2359, 2359, 2359, 2359, 2359, 2359 Scope:3,5,9,11,12,14,18,20
|           |-gt
|           | |-gv
|           | | |-list
|           | | \-int 1
|           | \-gv
|           |   |-list
|           |   \-int 2
|           \-swap			swap:5 if:5 States:2359, 2359, 2359, 2359, 2359, 2359, 2359, 2359, 2359, 2359, 2359, 2359, 2359, 2359, 2359, 2359, 2359, 2359, 2359, 2359, 2359, 2359, 2359, 2359 Scope:3,5,9,11,12,14,18,20
|             |-list
|             |-int 1
|             \-int 2


############################################################


GENERATED FUNCTION 8 in 00:04:25.3486005:

void Sort(int[] A)
{
    if(A[0] > A[3])
    {
        Swap(A, 0, 3);
    }
    if(A[1] > A[2])
    {
        Swap(A, 1, 2);
    }
    if(A[0] > A[1])
    {
        Swap(A, 0, 1);
        Swap(A, 2, 3);
    }
    if(A[2] > A[3])
    {
        if(A[1] > A[3])
        {
            Swap(A, 1, 3);
        }
        Swap(A, 2, 3);
    }
}

Function    Count       ExecCount   AvgExeCount MinExeCount MaxExeCount 
--------    -----       ---------   ----------- ----------- ----------- 
sort        1           24          1           1           1           
if          5           112         4.667       4           5           
gt          5           112         4.667       4           5           
gv          10          224         9.333       8           10          
swap        6           72          3           1           6           
list        17          24          1           1           1           


|-sort			swap:6 if:5 States:2359, 2359, 2359, 2359, 2359, 2359, 2359, 2359, 2359, 2359, 2359, 2359, 2359, 2359, 2359, 2359, 2359, 2359, 2359, 2359, 2359, 2359, 2359, 2359 Scope:0,1,2,3,4,5,6,7,8,9,10,11,12,13,14,15,16,17,18,19,20,21,22,23
| |-list
| \-if			swap:6 if:5 States:2359, 2359, 2359, 2359, 2359, 2359, 2359, 2359, 2359, 2359, 2359, 2359, 2359, 2359, 2359, 2359, 2359, 2359, 2359, 2359, 2359, 2359, 2359, 2359 Scope:0,1,2,3,4,5,6,7,8,10,12,14
|   |-gt
|   | |-gv
|   | | |-list
|   | | \-int 0
|   | \-gv
|   |   |-list
|   |   \-int 3
|   \-swap			swap:1 if:1 States:2539, 3529, 2359, 5329, 3259, 5239, 2935, 3925, 2395, 5329, 3295, 5239, 2953, 3925, 2593, 3529, 3295, 3259, 2953, 2935, 2593, 2539, 2395, 2359 Scope:0,1,2,3,4,5,6,7,8,10,12,14
|     |-list
|     |-int 0
|     \-int 3
|   \-if			swap:6 if:5 States:2359, 2359, 2359, 2359, 2359, 2359, 2359, 2359, 2359, 2359, 2359, 2359, 2359, 2359, 2359, 2359, 2359, 2359, 2359, 2359, 2359, 2359, 2359, 2359 Scope:0,1,3,6,7,9,12,13,15,18,19,21
|     |-gt
|     | |-gv
|     | | |-list
|     | | \-int 1
|     | \-gv
|     |   |-list
|     |   \-int 2
|     \-swap			swap:2 if:2 States:2359, 3259, 2359, 5239, 3259, 5239, 2395, 3295, 2395, 5239, 3295, 5239, 2593, 3295, 2593, 3259, 3295, 3259, 2593, 2395, 2593, 2359, 2395, 2359 Scope:0,1,3,6,7,9,12,13,15,18,19,21
|       |-list
|       |-int 1
|       \-int 2
|     \-if			swap:6 if:5 States:2359, 2359, 2359, 2359, 2359, 2359, 2359, 2359, 2359, 2359, 2359, 2359, 2359, 2359, 2359, 2359, 2359, 2359, 2359, 2359, 2359, 2359, 2359, 2359 Scope:1,3,4,5,7,9,10,11,13,15,16,17
|       |-gt
|       | |-gv
|       | | |-list
|       | | \-int 0
|       | \-gv
|       |   |-list
|       |   \-int 1
|       \-swap			swap:4 if:3 States:2359, 2395, 2359, 2593, 2395, 2593, 2395, 2359, 2395, 2593, 2359, 2593, 2593, 2359, 2593, 2395, 2359, 2395, 2593, 2395, 2593, 2359, 2395, 2359 Scope:1,3,4,5,7,9,10,11,13,15,16,17
|         |-list
|         |-int 0
|         \-int 1
|         \-swap			swap:4 if:3 States:2359, 2395, 2359, 2593, 2395, 2593, 2395, 2359, 2395, 2593, 2359, 2593, 2593, 2359, 2593, 2395, 2359, 2395, 2593, 2395, 2593, 2359, 2395, 2359 Scope:1,3,4,5,7,9,10,11,13,15,16,17
|           |-list
|           |-int 2
|           \-int 3
|       \-if			swap:6 if:5 States:2359, 2359, 2359, 2359, 2359, 2359, 2359, 2359, 2359, 2359, 2359, 2359, 2359, 2359, 2359, 2359, 2359, 2359, 2359, 2359, 2359, 2359, 2359, 2359 Scope:1,3,4,5,6,8,9,11,12,14,15,17,18,19,20,22
|         |-gt
|         | |-gv
|         | | |-list
|         | | \-int 2
|         | \-gv
|         |   |-list
|         |   \-int 3
|         \-if			swap:6 if:5 States:2359, 2359, 2359, 2359, 2359, 2359, 2359, 2359, 2359, 2359, 2359, 2359, 2359, 2359, 2359, 2359, 2359, 2359, 2359, 2359, 2359, 2359, 2359, 2359 Scope:3,5,9,11,12,14,18,20
|           |-gt
|           | |-gv
|           | | |-list
|           | | \-int 1
|           | \-gv
|           |   |-list
|           |   \-int 3
|           \-swap			swap:5 if:5 States:2359, 2395, 2359, 2395, 2395, 2395, 2395, 2359, 2395, 2395, 2359, 2395, 2395, 2359, 2395, 2395, 2359, 2395, 2395, 2395, 2395, 2359, 2395, 2359 Scope:3,5,9,11,12,14,18,20
|             |-list
|             |-int 1
|             \-int 3
|           \-swap			swap:6 if:5 States:2359, 2359, 2359, 2359, 2359, 2359, 2359, 2359, 2359, 2359, 2359, 2359, 2359, 2359, 2359, 2359, 2359, 2359, 2359, 2359, 2359, 2359, 2359, 2359 Scope:1,3,4,5,6,8,9,11,12,14,15,17,18,19,20,22
|             |-list
|             |-int 2
|             \-int 3


############################################################


GENERATED FUNCTION 9 in 00:04:25.3812698:

void Sort(int[] A)
{
    if(A[0] > A[3])
    {
        Swap(A, 0, 3);
    }
    if(A[1] > A[2])
    {
        Swap(A, 1, 2);
    }
    if(A[2] > A[3])
    {
        Swap(A, 2, 3);
    }
    if(A[0] > A[1])
    {
        Swap(A, 0, 1);
    }
    if(A[1] > A[2])
    {
        Swap(A, 1, 2);
    }
}

Function    Count       ExecCount   AvgExeCount MinExeCount MaxExeCount 
--------    -----       ---------   ----------- ----------- ----------- 
sort        1           24          1           1           1           
if          5           120         5           5           5           
gt          5           120         5           5           5           
gv          10          240         10          10          10          
swap        5           56          2.333       1           4           
list        16          24          1           1           1           


|-sort			swap:5 if:5 States:2359, 2359, 2359, 2359, 2359, 2359, 2359, 2359, 2359, 2359, 2359, 2359, 2359, 2359, 2359, 2359, 2359, 2359, 2359, 2359, 2359, 2359, 2359, 2359 Scope:0,1,2,3,4,5,6,7,8,9,10,11,12,13,14,15,16,17,18,19,20,21,22,23
| |-list
| \-if			swap:5 if:5 States:2359, 2359, 2359, 2359, 2359, 2359, 2359, 2359, 2359, 2359, 2359, 2359, 2359, 2359, 2359, 2359, 2359, 2359, 2359, 2359, 2359, 2359, 2359, 2359 Scope:0,1,2,3,4,5,6,7,8,10,12,14
|   |-gt
|   | |-gv
|   | | |-list
|   | | \-int 0
|   | \-gv
|   |   |-list
|   |   \-int 3
|   \-swap			swap:1 if:1 States:2539, 3529, 2359, 5329, 3259, 5239, 2935, 3925, 2395, 5329, 3295, 5239, 2953, 3925, 2593, 3529, 3295, 3259, 2953, 2935, 2593, 2539, 2395, 2359 Scope:0,1,2,3,4,5,6,7,8,10,12,14
|     |-list
|     |-int 0
|     \-int 3
|   \-if			swap:5 if:5 States:2359, 2359, 2359, 2359, 2359, 2359, 2359, 2359, 2359, 2359, 2359, 2359, 2359, 2359, 2359, 2359, 2359, 2359, 2359, 2359, 2359, 2359, 2359, 2359 Scope:0,1,3,6,7,9,12,13,15,18,19,21
|     |-gt
|     | |-gv
|     | | |-list
|     | | \-int 1
|     | \-gv
|     |   |-list
|     |   \-int 2
|     \-swap			swap:2 if:2 States:2359, 3259, 2359, 5239, 3259, 5239, 2395, 3295, 2395, 5239, 3295, 5239, 2593, 3295, 2593, 3259, 3295, 3259, 2593, 2395, 2593, 2359, 2395, 2359 Scope:0,1,3,6,7,9,12,13,15,18,19,21
|       |-list
|       |-int 1
|       \-int 2
|     \-if			swap:5 if:5 States:2359, 2359, 2359, 2359, 2359, 2359, 2359, 2359, 2359, 2359, 2359, 2359, 2359, 2359, 2359, 2359, 2359, 2359, 2359, 2359, 2359, 2359, 2359, 2359 Scope:6,7,8,10,12,13,14,16,18,19,20,22
|       |-gt
|       | |-gv
|       | | |-list
|       | | \-int 2
|       | \-gv
|       |   |-list
|       |   \-int 3
|       \-swap			swap:3 if:3 States:2359, 3259, 2359, 5239, 3259, 5239, 2359, 3259, 2359, 5239, 3259, 5239, 2539, 3259, 2539, 3259, 3259, 3259, 2539, 2359, 2539, 2359, 2359, 2359 Scope:6,7,8,10,12,13,14,16,18,19,20,22
|         |-list
|         |-int 2
|         \-int 3
|       \-if			swap:5 if:5 States:2359, 2359, 2359, 2359, 2359, 2359, 2359, 2359, 2359, 2359, 2359, 2359, 2359, 2359, 2359, 2359, 2359, 2359, 2359, 2359, 2359, 2359, 2359, 2359 Scope:1,3,4,5,7,9,10,11,13,15,16,17
|         |-gt
|         | |-gv
|         | | |-list
|         | | \-int 0
|         | \-gv
|         |   |-list
|         |   \-int 1
|         \-swap			swap:4 if:4 States:2359, 2359, 2359, 2539, 2359, 2539, 2359, 2359, 2359, 2539, 2359, 2539, 2539, 2359, 2539, 2359, 2359, 2359, 2539, 2359, 2539, 2359, 2359, 2359 Scope:1,3,4,5,7,9,10,11,13,15,16,17
|           |-list
|           |-int 0
|           \-int 1
|         \-if			swap:5 if:5 States:2359, 2359, 2359, 2359, 2359, 2359, 2359, 2359, 2359, 2359, 2359, 2359, 2359, 2359, 2359, 2359, 2359, 2359, 2359, 2359, 2359, 2359, 2359, 2359 Scope:3,5,9,11,12,14,18,20
|           |-gt
|           | |-gv
|           | | |-list
|           | | \-int 1
|           | \-gv
|           |   |-list
|           |   \-int 2
|           \-swap			swap:5 if:5 States:2359, 2359, 2359, 2359, 2359, 2359, 2359, 2359, 2359, 2359, 2359, 2359, 2359, 2359, 2359, 2359, 2359, 2359, 2359, 2359, 2359, 2359, 2359, 2359 Scope:3,5,9,11,12,14,18,20
|             |-list
|             |-int 1
|             \-int 2


############################################################


GENERATED FUNCTION 10 in 00:04:25.3820479:

void Sort(int[] A)
{
    if(A[0] > A[3])
    {
        Swap(A, 0, 3);
    }
    if(A[1] > A[2])
    {
        Swap(A, 1, 2);
    }
    if(A[2] > A[3])
    {
        Swap(A, 2, 3);
        Swap(A, 0, 1);
    }
    if(A[0] > A[1])
    {
        if(A[0] > A[2])
        {
            Swap(A, 0, 2);
        }
        Swap(A, 0, 1);
    }
}

Function    Count       ExecCount   AvgExeCount MinExeCount MaxExeCount 
--------    -----       ---------   ----------- ----------- ----------- 
sort        1           24          1           1           1           
if          5           112         4.667       4           5           
gt          5           112         4.667       4           5           
gv          10          224         9.333       8           10          
swap        6           72          3           1           6           
list        17          24          1           1           1           


|-sort			swap:6 if:5 States:2359, 2359, 2359, 2359, 2359, 2359, 2359, 2359, 2359, 2359, 2359, 2359, 2359, 2359, 2359, 2359, 2359, 2359, 2359, 2359, 2359, 2359, 2359, 2359 Scope:0,1,2,3,4,5,6,7,8,9,10,11,12,13,14,15,16,17,18,19,20,21,22,23
| |-list
| \-if			swap:6 if:5 States:2359, 2359, 2359, 2359, 2359, 2359, 2359, 2359, 2359, 2359, 2359, 2359, 2359, 2359, 2359, 2359, 2359, 2359, 2359, 2359, 2359, 2359, 2359, 2359 Scope:0,1,2,3,4,5,6,7,8,10,12,14
|   |-gt
|   | |-gv
|   | | |-list
|   | | \-int 0
|   | \-gv
|   |   |-list
|   |   \-int 3
|   \-swap			swap:1 if:1 States:2539, 3529, 2359, 5329, 3259, 5239, 2935, 3925, 2395, 5329, 3295, 5239, 2953, 3925, 2593, 3529, 3295, 3259, 2953, 2935, 2593, 2539, 2395, 2359 Scope:0,1,2,3,4,5,6,7,8,10,12,14
|     |-list
|     |-int 0
|     \-int 3
|   \-if			swap:6 if:5 States:2359, 2359, 2359, 2359, 2359, 2359, 2359, 2359, 2359, 2359, 2359, 2359, 2359, 2359, 2359, 2359, 2359, 2359, 2359, 2359, 2359, 2359, 2359, 2359 Scope:0,1,3,6,7,9,12,13,15,18,19,21
|     |-gt
|     | |-gv
|     | | |-list
|     | | \-int 1
|     | \-gv
|     |   |-list
|     |   \-int 2
|     \-swap			swap:2 if:2 States:2359, 3259, 2359, 5239, 3259, 5239, 2395, 3295, 2395, 5239, 3295, 5239, 2593, 3295, 2593, 3259, 3295, 3259, 2593, 2395, 2593, 2359, 2395, 2359 Scope:0,1,3,6,7,9,12,13,15,18,19,21
|       |-list
|       |-int 1
|       \-int 2
|     \-if			swap:6 if:5 States:2359, 2359, 2359, 2359, 2359, 2359, 2359, 2359, 2359, 2359, 2359, 2359, 2359, 2359, 2359, 2359, 2359, 2359, 2359, 2359, 2359, 2359, 2359, 2359 Scope:6,7,8,10,12,13,14,16,18,19,20,22
|       |-gt
|       | |-gv
|       | | |-list
|       | | \-int 2
|       | \-gv
|       |   |-list
|       |   \-int 3
|       \-swap			swap:4 if:3 States:2359, 3259, 2359, 5239, 3259, 5239, 3259, 2359, 3259, 5239, 2359, 5239, 5239, 2359, 5239, 3259, 2359, 3259, 5239, 3259, 5239, 2359, 3259, 2359 Scope:6,7,8,10,12,13,14,16,18,19,20,22
|         |-list
|         |-int 2
|         \-int 3
|         \-swap			swap:4 if:3 States:2359, 3259, 2359, 5239, 3259, 5239, 3259, 2359, 3259, 5239, 2359, 5239, 5239, 2359, 5239, 3259, 2359, 3259, 5239, 3259, 5239, 2359, 3259, 2359 Scope:6,7,8,10,12,13,14,16,18,19,20,22
|           |-list
|           |-int 0
|           \-int 1
|       \-if			swap:6 if:5 States:2359, 2359, 2359, 2359, 2359, 2359, 2359, 2359, 2359, 2359, 2359, 2359, 2359, 2359, 2359, 2359, 2359, 2359, 2359, 2359, 2359, 2359, 2359, 2359 Scope:1,3,4,5,6,8,9,11,12,14,15,17,18,19,20,22
|         |-gt
|         | |-gv
|         | | |-list
|         | | \-int 0
|         | \-gv
|         |   |-list
|         |   \-int 1
|         \-if			swap:6 if:5 States:2359, 2359, 2359, 2359, 2359, 2359, 2359, 2359, 2359, 2359, 2359, 2359, 2359, 2359, 2359, 2359, 2359, 2359, 2359, 2359, 2359, 2359, 2359, 2359 Scope:3,5,9,11,12,14,18,20
|           |-gt
|           | |-gv
|           | | |-list
|           | | \-int 0
|           | \-gv
|           |   |-list
|           |   \-int 2
|           \-swap			swap:5 if:5 States:2359, 3259, 2359, 3259, 3259, 3259, 3259, 2359, 3259, 3259, 2359, 3259, 3259, 2359, 3259, 3259, 2359, 3259, 3259, 3259, 3259, 2359, 3259, 2359 Scope:3,5,9,11,12,14,18,20
|             |-list
|             |-int 0
|             \-int 2
|           \-swap			swap:6 if:5 States:2359, 2359, 2359, 2359, 2359, 2359, 2359, 2359, 2359, 2359, 2359, 2359, 2359, 2359, 2359, 2359, 2359, 2359, 2359, 2359, 2359, 2359, 2359, 2359 Scope:1,3,4,5,6,8,9,11,12,14,15,17,18,19,20,22
|             |-list
|             |-int 0
|             \-int 1


############################################################


GENERATED FUNCTION 11 in 00:05:32.4398843:

void Sort(int[] A)
{
    if(A[1] > A[2])
    {
        Swap(A, 1, 2);
    }
    if(A[0] > A[3])
    {
        Swap(A, 0, 3);
    }
    if(A[0] > A[1])
    {
        Swap(A, 0, 1);
    }
    if(A[2] > A[3])
    {
        Swap(A, 2, 3);
    }
    if(A[1] > A[2])
    {
        Swap(A, 1, 2);
    }
}

Function    Count       ExecCount   AvgExeCount MinExeCount MaxExeCount 
--------    -----       ---------   ----------- ----------- ----------- 
sort        1           24          1           1           1           
if          5           120         5           5           5           
gt          5           120         5           5           5           
gv          10          240         10          10          10          
swap        5           56          2.333       1           4           
list        16          24          1           1           1           


|-sort			swap:5 if:5 States:2359, 2359, 2359, 2359, 2359, 2359, 2359, 2359, 2359, 2359, 2359, 2359, 2359, 2359, 2359, 2359, 2359, 2359, 2359, 2359, 2359, 2359, 2359, 2359 Scope:0,1,2,3,4,5,6,7,8,9,10,11,12,13,14,15,16,17,18,19,20,21,22,23
| |-list
| \-if			swap:5 if:5 States:2359, 2359, 2359, 2359, 2359, 2359, 2359, 2359, 2359, 2359, 2359, 2359, 2359, 2359, 2359, 2359, 2359, 2359, 2359, 2359, 2359, 2359, 2359, 2359 Scope:0,1,3,6,7,9,12,13,15,18,19,21
|   |-gt
|   | |-gv
|   | | |-list
|   | | \-int 1
|   | \-gv
|   |   |-list
|   |   \-int 2
|   \-swap			swap:1 if:1 States:9352, 9253, 9352, 9235, 9253, 9235, 5392, 5293, 5392, 5239, 5293, 5239, 3592, 3295, 3592, 3259, 3295, 3259, 2593, 2395, 2593, 2359, 2395, 2359 Scope:0,1,3,6,7,9,12,13,15,18,19,21
|     |-list
|     |-int 1
|     \-int 2
|   \-if			swap:5 if:5 States:2359, 2359, 2359, 2359, 2359, 2359, 2359, 2359, 2359, 2359, 2359, 2359, 2359, 2359, 2359, 2359, 2359, 2359, 2359, 2359, 2359, 2359, 2359, 2359 Scope:0,1,2,3,4,5,6,7,8,10,12,14
|     |-gt
|     | |-gv
|     | | |-list
|     | | \-int 0
|     | \-gv
|     |   |-list
|     |   \-int 3
|     \-swap			swap:2 if:2 States:2359, 3259, 2359, 5239, 3259, 5239, 2395, 3295, 2395, 5239, 3295, 5239, 2593, 3295, 2593, 3259, 3295, 3259, 2593, 2395, 2593, 2359, 2395, 2359 Scope:0,1,2,3,4,5,6,7,8,10,12,14
|       |-list
|       |-int 0
|       \-int 3
|     \-if			swap:5 if:5 States:2359, 2359, 2359, 2359, 2359, 2359, 2359, 2359, 2359, 2359, 2359, 2359, 2359, 2359, 2359, 2359, 2359, 2359, 2359, 2359, 2359, 2359, 2359, 2359 Scope:1,3,4,5,7,9,10,11,13,15,16,17
|       |-gt
|       | |-gv
|       | | |-list
|       | | \-int 0
|       | \-gv
|       |   |-list
|       |   \-int 1
|       \-swap			swap:3 if:3 States:2359, 2359, 2359, 2539, 2359, 2539, 2395, 2395, 2395, 2539, 2395, 2539, 2593, 2395, 2593, 2359, 2395, 2359, 2593, 2395, 2593, 2359, 2395, 2359 Scope:1,3,4,5,7,9,10,11,13,15,16,17
|         |-list
|         |-int 0
|         \-int 1
|       \-if			swap:5 if:5 States:2359, 2359, 2359, 2359, 2359, 2359, 2359, 2359, 2359, 2359, 2359, 2359, 2359, 2359, 2359, 2359, 2359, 2359, 2359, 2359, 2359, 2359, 2359, 2359 Scope:6,7,8,10,12,13,14,16,18,19,20,22
|         |-gt
|         | |-gv
|         | | |-list
|         | | \-int 2
|         | \-gv
|         |   |-list
|         |   \-int 3
|         \-swap			swap:4 if:4 States:2359, 2359, 2359, 2539, 2359, 2539, 2359, 2359, 2359, 2539, 2359, 2539, 2539, 2359, 2539, 2359, 2359, 2359, 2539, 2359, 2539, 2359, 2359, 2359 Scope:6,7,8,10,12,13,14,16,18,19,20,22
|           |-list
|           |-int 2
|           \-int 3
|         \-if			swap:5 if:5 States:2359, 2359, 2359, 2359, 2359, 2359, 2359, 2359, 2359, 2359, 2359, 2359, 2359, 2359, 2359, 2359, 2359, 2359, 2359, 2359, 2359, 2359, 2359, 2359 Scope:3,5,9,11,12,14,18,20
|           |-gt
|           | |-gv
|           | | |-list
|           | | \-int 1
|           | \-gv
|           |   |-list
|           |   \-int 2
|           \-swap			swap:5 if:5 States:2359, 2359, 2359, 2359, 2359, 2359, 2359, 2359, 2359, 2359, 2359, 2359, 2359, 2359, 2359, 2359, 2359, 2359, 2359, 2359, 2359, 2359, 2359, 2359 Scope:3,5,9,11,12,14,18,20
|             |-list
|             |-int 1
|             \-int 2


############################################################


GENERATED FUNCTION 12 in 00:05:32.4457361:

void Sort(int[] A)
{
    if(A[1] > A[2])
    {
        Swap(A, 1, 2);
    }
    if(A[0] > A[3])
    {
        Swap(A, 0, 3);
    }
    if(A[0] > A[1])
    {
        Swap(A, 0, 1);
        Swap(A, 2, 3);
    }
    if(A[2] > A[3])
    {
        if(A[1] > A[3])
        {
            Swap(A, 1, 3);
        }
        Swap(A, 2, 3);
    }
}

Function    Count       ExecCount   AvgExeCount MinExeCount MaxExeCount 
--------    -----       ---------   ----------- ----------- ----------- 
sort        1           24          1           1           1           
if          5           112         4.667       4           5           
gt          5           112         4.667       4           5           
gv          10          224         9.333       8           10          
swap        6           72          3           1           6           
list        17          24          1           1           1           


|-sort			swap:6 if:5 States:2359, 2359, 2359, 2359, 2359, 2359, 2359, 2359, 2359, 2359, 2359, 2359, 2359, 2359, 2359, 2359, 2359, 2359, 2359, 2359, 2359, 2359, 2359, 2359 Scope:0,1,2,3,4,5,6,7,8,9,10,11,12,13,14,15,16,17,18,19,20,21,22,23
| |-list
| \-if			swap:6 if:5 States:2359, 2359, 2359, 2359, 2359, 2359, 2359, 2359, 2359, 2359, 2359, 2359, 2359, 2359, 2359, 2359, 2359, 2359, 2359, 2359, 2359, 2359, 2359, 2359 Scope:0,1,3,6,7,9,12,13,15,18,19,21
|   |-gt
|   | |-gv
|   | | |-list
|   | | \-int 1
|   | \-gv
|   |   |-list
|   |   \-int 2
|   \-swap			swap:1 if:1 States:9352, 9253, 9352, 9235, 9253, 9235, 5392, 5293, 5392, 5239, 5293, 5239, 3592, 3295, 3592, 3259, 3295, 3259, 2593, 2395, 2593, 2359, 2395, 2359 Scope:0,1,3,6,7,9,12,13,15,18,19,21
|     |-list
|     |-int 1
|     \-int 2
|   \-if			swap:6 if:5 States:2359, 2359, 2359, 2359, 2359, 2359, 2359, 2359, 2359, 2359, 2359, 2359, 2359, 2359, 2359, 2359, 2359, 2359, 2359, 2359, 2359, 2359, 2359, 2359 Scope:0,1,2,3,4,5,6,7,8,10,12,14
|     |-gt
|     | |-gv
|     | | |-list
|     | | \-int 0
|     | \-gv
|     |   |-list
|     |   \-int 3
|     \-swap			swap:2 if:2 States:2359, 3259, 2359, 5239, 3259, 5239, 2395, 3295, 2395, 5239, 3295, 5239, 2593, 3295, 2593, 3259, 3295, 3259, 2593, 2395, 2593, 2359, 2395, 2359 Scope:0,1,2,3,4,5,6,7,8,10,12,14
|       |-list
|       |-int 0
|       \-int 3
|     \-if			swap:6 if:5 States:2359, 2359, 2359, 2359, 2359, 2359, 2359, 2359, 2359, 2359, 2359, 2359, 2359, 2359, 2359, 2359, 2359, 2359, 2359, 2359, 2359, 2359, 2359, 2359 Scope:1,3,4,5,7,9,10,11,13,15,16,17
|       |-gt
|       | |-gv
|       | | |-list
|       | | \-int 0
|       | \-gv
|       |   |-list
|       |   \-int 1
|       \-swap			swap:4 if:3 States:2359, 2395, 2359, 2593, 2395, 2593, 2395, 2359, 2395, 2593, 2359, 2593, 2593, 2359, 2593, 2395, 2359, 2395, 2593, 2395, 2593, 2359, 2395, 2359 Scope:1,3,4,5,7,9,10,11,13,15,16,17
|         |-list
|         |-int 0
|         \-int 1
|         \-swap			swap:4 if:3 States:2359, 2395, 2359, 2593, 2395, 2593, 2395, 2359, 2395, 2593, 2359, 2593, 2593, 2359, 2593, 2395, 2359, 2395, 2593, 2395, 2593, 2359, 2395, 2359 Scope:1,3,4,5,7,9,10,11,13,15,16,17
|           |-list
|           |-int 2
|           \-int 3
|       \-if			swap:6 if:5 States:2359, 2359, 2359, 2359, 2359, 2359, 2359, 2359, 2359, 2359, 2359, 2359, 2359, 2359, 2359, 2359, 2359, 2359, 2359, 2359, 2359, 2359, 2359, 2359 Scope:1,3,4,5,6,8,9,11,12,14,15,17,18,19,20,22
|         |-gt
|         | |-gv
|         | | |-list
|         | | \-int 2
|         | \-gv
|         |   |-list
|         |   \-int 3
|         \-if			swap:6 if:5 States:2359, 2359, 2359, 2359, 2359, 2359, 2359, 2359, 2359, 2359, 2359, 2359, 2359, 2359, 2359, 2359, 2359, 2359, 2359, 2359, 2359, 2359, 2359, 2359 Scope:3,5,9,11,12,14,18,20
|           |-gt
|           | |-gv
|           | | |-list
|           | | \-int 1
|           | \-gv
|           |   |-list
|           |   \-int 3
|           \-swap			swap:5 if:5 States:2359, 2395, 2359, 2395, 2395, 2395, 2395, 2359, 2395, 2395, 2359, 2395, 2395, 2359, 2395, 2395, 2359, 2395, 2395, 2395, 2395, 2359, 2395, 2359 Scope:3,5,9,11,12,14,18,20
|             |-list
|             |-int 1
|             \-int 3
|           \-swap			swap:6 if:5 States:2359, 2359, 2359, 2359, 2359, 2359, 2359, 2359, 2359, 2359, 2359, 2359, 2359, 2359, 2359, 2359, 2359, 2359, 2359, 2359, 2359, 2359, 2359, 2359 Scope:1,3,4,5,6,8,9,11,12,14,15,17,18,19,20,22
|             |-list
|             |-int 2
|             \-int 3


############################################################


GENERATED FUNCTION 13 in 00:05:32.4786719:

void Sort(int[] A)
{
    if(A[1] > A[2])
    {
        Swap(A, 1, 2);
    }
    if(A[0] > A[3])
    {
        Swap(A, 0, 3);
    }
    if(A[2] > A[3])
    {
        Swap(A, 2, 3);
    }
    if(A[0] > A[1])
    {
        Swap(A, 0, 1);
    }
    if(A[1] > A[2])
    {
        Swap(A, 1, 2);
    }
}

Function    Count       ExecCount   AvgExeCount MinExeCount MaxExeCount 
--------    -----       ---------   ----------- ----------- ----------- 
sort        1           24          1           1           1           
if          5           120         5           5           5           
gt          5           120         5           5           5           
gv          10          240         10          10          10          
swap        5           56          2.333       1           4           
list        16          24          1           1           1           


|-sort			swap:5 if:5 States:2359, 2359, 2359, 2359, 2359, 2359, 2359, 2359, 2359, 2359, 2359, 2359, 2359, 2359, 2359, 2359, 2359, 2359, 2359, 2359, 2359, 2359, 2359, 2359 Scope:0,1,2,3,4,5,6,7,8,9,10,11,12,13,14,15,16,17,18,19,20,21,22,23
| |-list
| \-if			swap:5 if:5 States:2359, 2359, 2359, 2359, 2359, 2359, 2359, 2359, 2359, 2359, 2359, 2359, 2359, 2359, 2359, 2359, 2359, 2359, 2359, 2359, 2359, 2359, 2359, 2359 Scope:0,1,3,6,7,9,12,13,15,18,19,21
|   |-gt
|   | |-gv
|   | | |-list
|   | | \-int 1
|   | \-gv
|   |   |-list
|   |   \-int 2
|   \-swap			swap:1 if:1 States:9352, 9253, 9352, 9235, 9253, 9235, 5392, 5293, 5392, 5239, 5293, 5239, 3592, 3295, 3592, 3259, 3295, 3259, 2593, 2395, 2593, 2359, 2395, 2359 Scope:0,1,3,6,7,9,12,13,15,18,19,21
|     |-list
|     |-int 1
|     \-int 2
|   \-if			swap:5 if:5 States:2359, 2359, 2359, 2359, 2359, 2359, 2359, 2359, 2359, 2359, 2359, 2359, 2359, 2359, 2359, 2359, 2359, 2359, 2359, 2359, 2359, 2359, 2359, 2359 Scope:0,1,2,3,4,5,6,7,8,10,12,14
|     |-gt
|     | |-gv
|     | | |-list
|     | | \-int 0
|     | \-gv
|     |   |-list
|     |   \-int 3
|     \-swap			swap:2 if:2 States:2359, 3259, 2359, 5239, 3259, 5239, 2395, 3295, 2395, 5239, 3295, 5239, 2593, 3295, 2593, 3259, 3295, 3259, 2593, 2395, 2593, 2359, 2395, 2359 Scope:0,1,2,3,4,5,6,7,8,10,12,14
|       |-list
|       |-int 0
|       \-int 3
|     \-if			swap:5 if:5 States:2359, 2359, 2359, 2359, 2359, 2359, 2359, 2359, 2359, 2359, 2359, 2359, 2359, 2359, 2359, 2359, 2359, 2359, 2359, 2359, 2359, 2359, 2359, 2359 Scope:6,7,8,10,12,13,14,16,18,19,20,22
|       |-gt
|       | |-gv
|       | | |-list
|       | | \-int 2
|       | \-gv
|       |   |-list
|       |   \-int 3
|       \-swap			swap:3 if:3 States:2359, 3259, 2359, 5239, 3259, 5239, 2359, 3259, 2359, 5239, 3259, 5239, 2539, 3259, 2539, 3259, 3259, 3259, 2539, 2359, 2539, 2359, 2359, 2359 Scope:6,7,8,10,12,13,14,16,18,19,20,22
|         |-list
|         |-int 2
|         \-int 3
|       \-if			swap:5 if:5 States:2359, 2359, 2359, 2359, 2359, 2359, 2359, 2359, 2359, 2359, 2359, 2359, 2359, 2359, 2359, 2359, 2359, 2359, 2359, 2359, 2359, 2359, 2359, 2359 Scope:1,3,4,5,7,9,10,11,13,15,16,17
|         |-gt
|         | |-gv
|         | | |-list
|         | | \-int 0
|         | \-gv
|         |   |-list
|         |   \-int 1
|         \-swap			swap:4 if:4 States:2359, 2359, 2359, 2539, 2359, 2539, 2359, 2359, 2359, 2539, 2359, 2539, 2539, 2359, 2539, 2359, 2359, 2359, 2539, 2359, 2539, 2359, 2359, 2359 Scope:1,3,4,5,7,9,10,11,13,15,16,17
|           |-list
|           |-int 0
|           \-int 1
|         \-if			swap:5 if:5 States:2359, 2359, 2359, 2359, 2359, 2359, 2359, 2359, 2359, 2359, 2359, 2359, 2359, 2359, 2359, 2359, 2359, 2359, 2359, 2359, 2359, 2359, 2359, 2359 Scope:3,5,9,11,12,14,18,20
|           |-gt
|           | |-gv
|           | | |-list
|           | | \-int 1
|           | \-gv
|           |   |-list
|           |   \-int 2
|           \-swap			swap:5 if:5 States:2359, 2359, 2359, 2359, 2359, 2359, 2359, 2359, 2359, 2359, 2359, 2359, 2359, 2359, 2359, 2359, 2359, 2359, 2359, 2359, 2359, 2359, 2359, 2359 Scope:3,5,9,11,12,14,18,20
|             |-list
|             |-int 1
|             \-int 2


############################################################


GENERATED FUNCTION 14 in 00:05:32.4795293:

void Sort(int[] A)
{
    if(A[1] > A[2])
    {
        Swap(A, 1, 2);
    }
    if(A[0] > A[3])
    {
        Swap(A, 0, 3);
    }
    if(A[2] > A[3])
    {
        Swap(A, 2, 3);
        Swap(A, 0, 1);
    }
    if(A[0] > A[1])
    {
        if(A[0] > A[2])
        {
            Swap(A, 0, 2);
        }
        Swap(A, 0, 1);
    }
}

Function    Count       ExecCount   AvgExeCount MinExeCount MaxExeCount 
--------    -----       ---------   ----------- ----------- ----------- 
sort        1           24          1           1           1           
if          5           112         4.667       4           5           
gt          5           112         4.667       4           5           
gv          10          224         9.333       8           10          
swap        6           72          3           1           6           
list        17          24          1           1           1           


|-sort			swap:6 if:5 States:2359, 2359, 2359, 2359, 2359, 2359, 2359, 2359, 2359, 2359, 2359, 2359, 2359, 2359, 2359, 2359, 2359, 2359, 2359, 2359, 2359, 2359, 2359, 2359 Scope:0,1,2,3,4,5,6,7,8,9,10,11,12,13,14,15,16,17,18,19,20,21,22,23
| |-list
| \-if			swap:6 if:5 States:2359, 2359, 2359, 2359, 2359, 2359, 2359, 2359, 2359, 2359, 2359, 2359, 2359, 2359, 2359, 2359, 2359, 2359, 2359, 2359, 2359, 2359, 2359, 2359 Scope:0,1,3,6,7,9,12,13,15,18,19,21
|   |-gt
|   | |-gv
|   | | |-list
|   | | \-int 1
|   | \-gv
|   |   |-list
|   |   \-int 2
|   \-swap			swap:1 if:1 States:9352, 9253, 9352, 9235, 9253, 9235, 5392, 5293, 5392, 5239, 5293, 5239, 3592, 3295, 3592, 3259, 3295, 3259, 2593, 2395, 2593, 2359, 2395, 2359 Scope:0,1,3,6,7,9,12,13,15,18,19,21
|     |-list
|     |-int 1
|     \-int 2
|   \-if			swap:6 if:5 States:2359, 2359, 2359, 2359, 2359, 2359, 2359, 2359, 2359, 2359, 2359, 2359, 2359, 2359, 2359, 2359, 2359, 2359, 2359, 2359, 2359, 2359, 2359, 2359 Scope:0,1,2,3,4,5,6,7,8,10,12,14
|     |-gt
|     | |-gv
|     | | |-list
|     | | \-int 0
|     | \-gv
|     |   |-list
|     |   \-int 3
|     \-swap			swap:2 if:2 States:2359, 3259, 2359, 5239, 3259, 5239, 2395, 3295, 2395, 5239, 3295, 5239, 2593, 3295, 2593, 3259, 3295, 3259, 2593, 2395, 2593, 2359, 2395, 2359 Scope:0,1,2,3,4,5,6,7,8,10,12,14
|       |-list
|       |-int 0
|       \-int 3
|     \-if			swap:6 if:5 States:2359, 2359, 2359, 2359, 2359, 2359, 2359, 2359, 2359, 2359, 2359, 2359, 2359, 2359, 2359, 2359, 2359, 2359, 2359, 2359, 2359, 2359, 2359, 2359 Scope:6,7,8,10,12,13,14,16,18,19,20,22
|       |-gt
|       | |-gv
|       | | |-list
|       | | \-int 2
|       | \-gv
|       |   |-list
|       |   \-int 3
|       \-swap			swap:4 if:3 States:2359, 3259, 2359, 5239, 3259, 5239, 3259, 2359, 3259, 5239, 2359, 5239, 5239, 2359, 5239, 3259, 2359, 3259, 5239, 3259, 5239, 2359, 3259, 2359 Scope:6,7,8,10,12,13,14,16,18,19,20,22
|         |-list
|         |-int 2
|         \-int 3
|         \-swap			swap:4 if:3 States:2359, 3259, 2359, 5239, 3259, 5239, 3259, 2359, 3259, 5239, 2359, 5239, 5239, 2359, 5239, 3259, 2359, 3259, 5239, 3259, 5239, 2359, 3259, 2359 Scope:6,7,8,10,12,13,14,16,18,19,20,22
|           |-list
|           |-int 0
|           \-int 1
|       \-if			swap:6 if:5 States:2359, 2359, 2359, 2359, 2359, 2359, 2359, 2359, 2359, 2359, 2359, 2359, 2359, 2359, 2359, 2359, 2359, 2359, 2359, 2359, 2359, 2359, 2359, 2359 Scope:1,3,4,5,6,8,9,11,12,14,15,17,18,19,20,22
|         |-gt
|         | |-gv
|         | | |-list
|         | | \-int 0
|         | \-gv
|         |   |-list
|         |   \-int 1
|         \-if			swap:6 if:5 States:2359, 2359, 2359, 2359, 2359, 2359, 2359, 2359, 2359, 2359, 2359, 2359, 2359, 2359, 2359, 2359, 2359, 2359, 2359, 2359, 2359, 2359, 2359, 2359 Scope:3,5,9,11,12,14,18,20
|           |-gt
|           | |-gv
|           | | |-list
|           | | \-int 0
|           | \-gv
|           |   |-list
|           |   \-int 2
|           \-swap			swap:5 if:5 States:2359, 3259, 2359, 3259, 3259, 3259, 3259, 2359, 3259, 3259, 2359, 3259, 3259, 2359, 3259, 3259, 2359, 3259, 3259, 3259, 3259, 2359, 3259, 2359 Scope:3,5,9,11,12,14,18,20
|             |-list
|             |-int 0
|             \-int 2
|           \-swap			swap:6 if:5 States:2359, 2359, 2359, 2359, 2359, 2359, 2359, 2359, 2359, 2359, 2359, 2359, 2359, 2359, 2359, 2359, 2359, 2359, 2359, 2359, 2359, 2359, 2359, 2359 Scope:1,3,4,5,6,8,9,11,12,14,15,17,18,19,20,22
|             |-list
|             |-int 0
|             \-int 1


############################################################


GENERATED FUNCTION 15 in 00:08:01.5451012:

void Sort(int[] A)
{
    if(A[1] > A[3])
    {
        Swap(A, 1, 3);
    }
    if(A[0] > A[2])
    {
        Swap(A, 0, 2);
    }
    if(A[0] > A[1])
    {
        Swap(A, 0, 1);
    }
    if(A[2] > A[3])
    {
        Swap(A, 2, 3);
    }
    if(A[1] > A[2])
    {
        Swap(A, 1, 2);
    }
}

Function    Count       ExecCount   AvgExeCount MinExeCount MaxExeCount 
--------    -----       ---------   ----------- ----------- ----------- 
sort        1           24          1           1           1           
if          5           120         5           5           5           
gt          5           120         5           5           5           
gv          10          240         10          10          10          
swap        5           56          2.333       1           5           
list        16          24          1           1           1           


|-sort			swap:5 if:5 States:2359, 2359, 2359, 2359, 2359, 2359, 2359, 2359, 2359, 2359, 2359, 2359, 2359, 2359, 2359, 2359, 2359, 2359, 2359, 2359, 2359, 2359, 2359, 2359 Scope:0,1,2,3,4,5,6,7,8,9,10,11,12,13,14,15,16,17,18,19,20,21,22,23
| |-list
| \-if			swap:5 if:5 States:2359, 2359, 2359, 2359, 2359, 2359, 2359, 2359, 2359, 2359, 2359, 2359, 2359, 2359, 2359, 2359, 2359, 2359, 2359, 2359, 2359, 2359, 2359, 2359 Scope:0,1,2,6,7,8,12,13,14,18,19,20
|   |-gt
|   | |-gv
|   | | |-list
|   | | \-int 1
|   | \-gv
|   |   |-list
|   |   \-int 3
|   \-swap			swap:1 if:1 States:9235, 9325, 9253, 9325, 9253, 9235, 5239, 5329, 5293, 5329, 5293, 5239, 3259, 3529, 3295, 3529, 3295, 3259, 2359, 2539, 2395, 2539, 2395, 2359 Scope:0,1,2,6,7,8,12,13,14,18,19,20
|     |-list
|     |-int 1
|     \-int 3
|   \-if			swap:5 if:5 States:2359, 2359, 2359, 2359, 2359, 2359, 2359, 2359, 2359, 2359, 2359, 2359, 2359, 2359, 2359, 2359, 2359, 2359, 2359, 2359, 2359, 2359, 2359, 2359 Scope:0,1,2,3,4,5,6,7,9,11,13,15
|     |-gt
|     | |-gv
|     | | |-list
|     | | \-int 0
|     | \-gv
|     |   |-list
|     |   \-int 2
|     \-swap			swap:2 if:2 States:3295, 2395, 5293, 2395, 5293, 3295, 3259, 2359, 5293, 2359, 5293, 3259, 3259, 2539, 3295, 2539, 3295, 3259, 2359, 2539, 2395, 2539, 2395, 2359 Scope:0,1,2,3,4,5,6,7,9,11,13,15
|       |-list
|       |-int 0
|       \-int 2
|     \-if			swap:5 if:5 States:2359, 2359, 2359, 2359, 2359, 2359, 2359, 2359, 2359, 2359, 2359, 2359, 2359, 2359, 2359, 2359, 2359, 2359, 2359, 2359, 2359, 2359, 2359, 2359 Scope:0,2,4,5,6,8,10,11,12,14,16,17
|       |-gt
|       | |-gv
|       | | |-list
|       | | \-int 0
|       | \-gv
|       |   |-list
|       |   \-int 1
|       \-swap			swap:3 if:3 States:2395, 2395, 2593, 2395, 2593, 2395, 2359, 2359, 2593, 2359, 2593, 2359, 2359, 2539, 2395, 2539, 2395, 2359, 2359, 2539, 2395, 2539, 2395, 2359 Scope:0,2,4,5,6,8,10,11,12,14,16,17
|         |-list
|         |-int 0
|         \-int 1
|       \-if			swap:5 if:5 States:2359, 2359, 2359, 2359, 2359, 2359, 2359, 2359, 2359, 2359, 2359, 2359, 2359, 2359, 2359, 2359, 2359, 2359, 2359, 2359, 2359, 2359, 2359, 2359 Scope:0,1,2,3,4,5,8,10,14,16,20,22
|         |-gt
|         | |-gv
|         | | |-list
|         | | \-int 2
|         | \-gv
|         |   |-list
|         |   \-int 3
|         \-swap			swap:4 if:4 States:2359, 2359, 2539, 2359, 2539, 2359, 2359, 2359, 2539, 2359, 2539, 2359, 2359, 2539, 2359, 2539, 2359, 2359, 2359, 2539, 2359, 2539, 2359, 2359 Scope:0,1,2,3,4,5,8,10,14,16,20,22
|           |-list
|           |-int 2
|           \-int 3
|         \-if			swap:5 if:5 States:2359, 2359, 2359, 2359, 2359, 2359, 2359, 2359, 2359, 2359, 2359, 2359, 2359, 2359, 2359, 2359, 2359, 2359, 2359, 2359, 2359, 2359, 2359, 2359 Scope:2,4,8,10,13,15,19,21
|           |-gt
|           | |-gv
|           | | |-list
|           | | \-int 1
|           | \-gv
|           |   |-list
|           |   \-int 2
|           \-swap			swap:5 if:5 States:2359, 2359, 2359, 2359, 2359, 2359, 2359, 2359, 2359, 2359, 2359, 2359, 2359, 2359, 2359, 2359, 2359, 2359, 2359, 2359, 2359, 2359, 2359, 2359 Scope:2,4,8,10,13,15,19,21
|             |-list
|             |-int 1
|             \-int 2


############################################################


GENERATED FUNCTION 16 in 00:08:01.5829951:

void Sort(int[] A)
{
    if(A[1] > A[3])
    {
        Swap(A, 1, 3);
    }
    if(A[0] > A[2])
    {
        Swap(A, 0, 2);
    }
    if(A[2] > A[3])
    {
        Swap(A, 2, 3);
    }
    if(A[0] > A[1])
    {
        Swap(A, 0, 1);
    }
    if(A[1] > A[2])
    {
        Swap(A, 1, 2);
    }
}

Function    Count       ExecCount   AvgExeCount MinExeCount MaxExeCount 
--------    -----       ---------   ----------- ----------- ----------- 
sort        1           24          1           1           1           
if          5           120         5           5           5           
gt          5           120         5           5           5           
gv          10          240         10          10          10          
swap        5           56          2.333       1           5           
list        16          24          1           1           1           


|-sort			swap:5 if:5 States:2359, 2359, 2359, 2359, 2359, 2359, 2359, 2359, 2359, 2359, 2359, 2359, 2359, 2359, 2359, 2359, 2359, 2359, 2359, 2359, 2359, 2359, 2359, 2359 Scope:0,1,2,3,4,5,6,7,8,9,10,11,12,13,14,15,16,17,18,19,20,21,22,23
| |-list
| \-if			swap:5 if:5 States:2359, 2359, 2359, 2359, 2359, 2359, 2359, 2359, 2359, 2359, 2359, 2359, 2359, 2359, 2359, 2359, 2359, 2359, 2359, 2359, 2359, 2359, 2359, 2359 Scope:0,1,2,6,7,8,12,13,14,18,19,20
|   |-gt
|   | |-gv
|   | | |-list
|   | | \-int 1
|   | \-gv
|   |   |-list
|   |   \-int 3
|   \-swap			swap:1 if:1 States:9235, 9325, 9253, 9325, 9253, 9235, 5239, 5329, 5293, 5329, 5293, 5239, 3259, 3529, 3295, 3529, 3295, 3259, 2359, 2539, 2395, 2539, 2395, 2359 Scope:0,1,2,6,7,8,12,13,14,18,19,20
|     |-list
|     |-int 1
|     \-int 3
|   \-if			swap:5 if:5 States:2359, 2359, 2359, 2359, 2359, 2359, 2359, 2359, 2359, 2359, 2359, 2359, 2359, 2359, 2359, 2359, 2359, 2359, 2359, 2359, 2359, 2359, 2359, 2359 Scope:0,1,2,3,4,5,6,7,9,11,13,15
|     |-gt
|     | |-gv
|     | | |-list
|     | | \-int 0
|     | \-gv
|     |   |-list
|     |   \-int 2
|     \-swap			swap:2 if:2 States:3295, 2395, 5293, 2395, 5293, 3295, 3259, 2359, 5293, 2359, 5293, 3259, 3259, 2539, 3295, 2539, 3295, 3259, 2359, 2539, 2395, 2539, 2395, 2359 Scope:0,1,2,3,4,5,6,7,9,11,13,15
|       |-list
|       |-int 0
|       \-int 2
|     \-if			swap:5 if:5 States:2359, 2359, 2359, 2359, 2359, 2359, 2359, 2359, 2359, 2359, 2359, 2359, 2359, 2359, 2359, 2359, 2359, 2359, 2359, 2359, 2359, 2359, 2359, 2359 Scope:0,1,2,3,4,5,8,10,14,16,20,22
|       |-gt
|       | |-gv
|       | | |-list
|       | | \-int 2
|       | \-gv
|       |   |-list
|       |   \-int 3
|       \-swap			swap:3 if:3 States:3259, 2359, 5239, 2359, 5239, 3259, 3259, 2359, 5239, 2359, 5239, 3259, 3259, 2539, 3259, 2539, 3259, 3259, 2359, 2539, 2359, 2539, 2359, 2359 Scope:0,1,2,3,4,5,8,10,14,16,20,22
|         |-list
|         |-int 2
|         \-int 3
|       \-if			swap:5 if:5 States:2359, 2359, 2359, 2359, 2359, 2359, 2359, 2359, 2359, 2359, 2359, 2359, 2359, 2359, 2359, 2359, 2359, 2359, 2359, 2359, 2359, 2359, 2359, 2359 Scope:0,2,4,5,6,8,10,11,12,14,16,17
|         |-gt
|         | |-gv
|         | | |-list
|         | | \-int 0
|         | \-gv
|         |   |-list
|         |   \-int 1
|         \-swap			swap:4 if:4 States:2359, 2359, 2539, 2359, 2539, 2359, 2359, 2359, 2539, 2359, 2539, 2359, 2359, 2539, 2359, 2539, 2359, 2359, 2359, 2539, 2359, 2539, 2359, 2359 Scope:0,2,4,5,6,8,10,11,12,14,16,17
|           |-list
|           |-int 0
|           \-int 1
|         \-if			swap:5 if:5 States:2359, 2359, 2359, 2359, 2359, 2359, 2359, 2359, 2359, 2359, 2359, 2359, 2359, 2359, 2359, 2359, 2359, 2359, 2359, 2359, 2359, 2359, 2359, 2359 Scope:2,4,8,10,13,15,19,21
|           |-gt
|           | |-gv
|           | | |-list
|           | | \-int 1
|           | \-gv
|           |   |-list
|           |   \-int 2
|           \-swap			swap:5 if:5 States:2359, 2359, 2359, 2359, 2359, 2359, 2359, 2359, 2359, 2359, 2359, 2359, 2359, 2359, 2359, 2359, 2359, 2359, 2359, 2359, 2359, 2359, 2359, 2359 Scope:2,4,8,10,13,15,19,21
|             |-list
|             |-int 1
|             \-int 2


############################################################


GENERATED FUNCTION 17 in 00:09:51.3148728:

void Sort(int[] A)
{
    if(A[2] > A[3])
    {
        Swap(A, 2, 3);
    }
    if(A[0] > A[1])
    {
        Swap(A, 0, 1);
    }
    if(A[0] > A[2])
    {
        Swap(A, 0, 2);
    }
    if(A[1] > A[3])
    {
        Swap(A, 1, 3);
    }
    if(A[1] > A[2])
    {
        Swap(A, 1, 2);
    }
}

Function    Count       ExecCount   AvgExeCount MinExeCount MaxExeCount 
--------    -----       ---------   ----------- ----------- ----------- 
sort        1           24          1           1           1           
if          5           120         5           5           5           
gt          5           120         5           5           5           
gv          10          240         10          10          10          
swap        5           64          2.667       1           5           
list        16          24          1           1           1           


|-sort			swap:5 if:5 States:2359, 2359, 2359, 2359, 2359, 2359, 2359, 2359, 2359, 2359, 2359, 2359, 2359, 2359, 2359, 2359, 2359, 2359, 2359, 2359, 2359, 2359, 2359, 2359 Scope:0,1,2,3,4,5,6,7,8,9,10,11,12,13,14,15,16,17,18,19,20,21,22,23
| |-list
| \-if			swap:5 if:5 States:2359, 2359, 2359, 2359, 2359, 2359, 2359, 2359, 2359, 2359, 2359, 2359, 2359, 2359, 2359, 2359, 2359, 2359, 2359, 2359, 2359, 2359, 2359, 2359 Scope:0,2,4,6,8,10,12,14,16,18,20,22
|   |-gt
|   | |-gv
|   | | |-list
|   | | \-int 2
|   | \-gv
|   |   |-list
|   |   \-int 3
|   \-swap			swap:1 if:1 States:9523, 9523, 9325, 9325, 9235, 9235, 5923, 5923, 5329, 5329, 5239, 5239, 3925, 3925, 3529, 3529, 3259, 3259, 2935, 2935, 2539, 2539, 2359, 2359 Scope:0,2,4,6,8,10,12,14,16,18,20,22
|     |-list
|     |-int 2
|     \-int 3
|   \-if			swap:5 if:5 States:2359, 2359, 2359, 2359, 2359, 2359, 2359, 2359, 2359, 2359, 2359, 2359, 2359, 2359, 2359, 2359, 2359, 2359, 2359, 2359, 2359, 2359, 2359, 2359 Scope:0,1,2,3,4,5,8,9,10,11,16,17
|     |-gt
|     | |-gv
|     | | |-list
|     | | \-int 0
|     | \-gv
|     |   |-list
|     |   \-int 1
|     \-swap			swap:2 if:2 States:5923, 5923, 3925, 3925, 2935, 2935, 5923, 5923, 3529, 3529, 2539, 2539, 3925, 3925, 3529, 3529, 2359, 2359, 2935, 2935, 2539, 2539, 2359, 2359 Scope:0,1,2,3,4,5,8,9,10,11,16,17
|       |-list
|       |-int 0
|       \-int 1
|     \-if			swap:5 if:5 States:2359, 2359, 2359, 2359, 2359, 2359, 2359, 2359, 2359, 2359, 2359, 2359, 2359, 2359, 2359, 2359, 2359, 2359, 2359, 2359, 2359, 2359, 2359, 2359 Scope:0,1,2,3,6,7,8,9,12,13,14,15
|       |-gt
|       | |-gv
|       | | |-list
|       | | \-int 0
|       | \-gv
|       |   |-list
|       |   \-int 2
|       \-swap			swap:3 if:3 States:2953, 2953, 2935, 2935, 2935, 2935, 2953, 2953, 2539, 2539, 2539, 2539, 2935, 2935, 2539, 2539, 2359, 2359, 2935, 2935, 2539, 2539, 2359, 2359 Scope:0,1,2,3,6,7,8,9,12,13,14,15
|         |-list
|         |-int 0
|         \-int 2
|       \-if			swap:5 if:5 States:2359, 2359, 2359, 2359, 2359, 2359, 2359, 2359, 2359, 2359, 2359, 2359, 2359, 2359, 2359, 2359, 2359, 2359, 2359, 2359, 2359, 2359, 2359, 2359 Scope:0,1,2,3,4,5,6,7,12,13,18,19
|         |-gt
|         | |-gv
|         | | |-list
|         | | \-int 1
|         | \-gv
|         |   |-list
|         |   \-int 3
|         \-swap			swap:4 if:4 States:2359, 2359, 2539, 2539, 2539, 2539, 2359, 2359, 2539, 2539, 2539, 2539, 2539, 2539, 2539, 2539, 2359, 2359, 2539, 2539, 2539, 2539, 2359, 2359 Scope:0,1,2,3,4,5,6,7,12,13,18,19
|           |-list
|           |-int 1
|           \-int 3
|         \-if			swap:5 if:5 States:2359, 2359, 2359, 2359, 2359, 2359, 2359, 2359, 2359, 2359, 2359, 2359, 2359, 2359, 2359, 2359, 2359, 2359, 2359, 2359, 2359, 2359, 2359, 2359 Scope:2,3,4,5,8,9,10,11,12,13,14,15,18,19,20,21
|           |-gt
|           | |-gv
|           | | |-list
|           | | \-int 1
|           | \-gv
|           |   |-list
|           |   \-int 2
|           \-swap			swap:5 if:5 States:2359, 2359, 2359, 2359, 2359, 2359, 2359, 2359, 2359, 2359, 2359, 2359, 2359, 2359, 2359, 2359, 2359, 2359, 2359, 2359, 2359, 2359, 2359, 2359 Scope:2,3,4,5,8,9,10,11,12,13,14,15,18,19,20,21
|             |-list
|             |-int 1
|             \-int 2


############################################################


GENERATED FUNCTION 18 in 00:09:51.3216866:

void Sort(int[] A)
{
    if(A[2] > A[3])
    {
        Swap(A, 2, 3);
    }
    if(A[0] > A[1])
    {
        Swap(A, 0, 1);
    }
    if(A[0] > A[2])
    {
        Swap(A, 0, 2);
        Swap(A, 1, 3);
    }
    if(A[1] > A[2])
    {
        if(A[1] > A[3])
        {
            Swap(A, 1, 3);
        }
        Swap(A, 1, 2);
    }
}

Function    Count       ExecCount   AvgExeCount MinExeCount MaxExeCount 
--------    -----       ---------   ----------- ----------- ----------- 
sort        1           24          1           1           1           
if          5           112         4.667       4           5           
gt          5           112         4.667       4           5           
gv          10          224         9.333       8           10          
swap        6           72          3           1           6           
list        17          24          1           1           1           


|-sort			swap:6 if:5 States:2359, 2359, 2359, 2359, 2359, 2359, 2359, 2359, 2359, 2359, 2359, 2359, 2359, 2359, 2359, 2359, 2359, 2359, 2359, 2359, 2359, 2359, 2359, 2359 Scope:0,1,2,3,4,5,6,7,8,9,10,11,12,13,14,15,16,17,18,19,20,21,22,23
| |-list
| \-if			swap:6 if:5 States:2359, 2359, 2359, 2359, 2359, 2359, 2359, 2359, 2359, 2359, 2359, 2359, 2359, 2359, 2359, 2359, 2359, 2359, 2359, 2359, 2359, 2359, 2359, 2359 Scope:0,2,4,6,8,10,12,14,16,18,20,22
|   |-gt
|   | |-gv
|   | | |-list
|   | | \-int 2
|   | \-gv
|   |   |-list
|   |   \-int 3
|   \-swap			swap:1 if:1 States:9523, 9523, 9325, 9325, 9235, 9235, 5923, 5923, 5329, 5329, 5239, 5239, 3925, 3925, 3529, 3529, 3259, 3259, 2935, 2935, 2539, 2539, 2359, 2359 Scope:0,2,4,6,8,10,12,14,16,18,20,22
|     |-list
|     |-int 2
|     \-int 3
|   \-if			swap:6 if:5 States:2359, 2359, 2359, 2359, 2359, 2359, 2359, 2359, 2359, 2359, 2359, 2359, 2359, 2359, 2359, 2359, 2359, 2359, 2359, 2359, 2359, 2359, 2359, 2359 Scope:0,1,2,3,4,5,8,9,10,11,16,17
|     |-gt
|     | |-gv
|     | | |-list
|     | | \-int 0
|     | \-gv
|     |   |-list
|     |   \-int 1
|     \-swap			swap:2 if:2 States:5923, 5923, 3925, 3925, 2935, 2935, 5923, 5923, 3529, 3529, 2539, 2539, 3925, 3925, 3529, 3529, 2359, 2359, 2935, 2935, 2539, 2539, 2359, 2359 Scope:0,1,2,3,4,5,8,9,10,11,16,17
|       |-list
|       |-int 0
|       \-int 1
|     \-if			swap:6 if:5 States:2359, 2359, 2359, 2359, 2359, 2359, 2359, 2359, 2359, 2359, 2359, 2359, 2359, 2359, 2359, 2359, 2359, 2359, 2359, 2359, 2359, 2359, 2359, 2359 Scope:0,1,2,3,6,7,8,9,12,13,14,15
|       |-gt
|       | |-gv
|       | | |-list
|       | | \-int 0
|       | \-gv
|       |   |-list
|       |   \-int 2
|       \-swap			swap:4 if:3 States:2359, 2359, 2539, 2539, 2935, 2935, 2359, 2359, 2935, 2935, 2539, 2539, 2539, 2539, 2935, 2935, 2359, 2359, 2935, 2935, 2539, 2539, 2359, 2359 Scope:0,1,2,3,6,7,8,9,12,13,14,15
|         |-list
|         |-int 0
|         \-int 2
|         \-swap			swap:4 if:3 States:2359, 2359, 2539, 2539, 2935, 2935, 2359, 2359, 2935, 2935, 2539, 2539, 2539, 2539, 2935, 2935, 2359, 2359, 2935, 2935, 2539, 2539, 2359, 2359 Scope:0,1,2,3,6,7,8,9,12,13,14,15
|           |-list
|           |-int 1
|           \-int 3
|       \-if			swap:6 if:5 States:2359, 2359, 2359, 2359, 2359, 2359, 2359, 2359, 2359, 2359, 2359, 2359, 2359, 2359, 2359, 2359, 2359, 2359, 2359, 2359, 2359, 2359, 2359, 2359 Scope:2,3,4,5,8,9,10,11,12,13,14,15,18,19,20,21
|         |-gt
|         | |-gv
|         | | |-list
|         | | \-int 1
|         | \-gv
|         |   |-list
|         |   \-int 2
|         \-if			swap:6 if:5 States:2359, 2359, 2359, 2359, 2359, 2359, 2359, 2359, 2359, 2359, 2359, 2359, 2359, 2359, 2359, 2359, 2359, 2359, 2359, 2359, 2359, 2359, 2359, 2359 Scope:4,5,8,9,14,15,18,19
|           |-gt
|           | |-gv
|           | | |-list
|           | | \-int 1
|           | \-gv
|           |   |-list
|           |   \-int 3
|           \-swap			swap:5 if:5 States:2359, 2359, 2539, 2539, 2539, 2539, 2359, 2359, 2539, 2539, 2539, 2539, 2539, 2539, 2539, 2539, 2359, 2359, 2539, 2539, 2539, 2539, 2359, 2359 Scope:4,5,8,9,14,15,18,19
|             |-list
|             |-int 1
|             \-int 3
|           \-swap			swap:6 if:5 States:2359, 2359, 2359, 2359, 2359, 2359, 2359, 2359, 2359, 2359, 2359, 2359, 2359, 2359, 2359, 2359, 2359, 2359, 2359, 2359, 2359, 2359, 2359, 2359 Scope:2,3,4,5,8,9,10,11,12,13,14,15,18,19,20,21
|             |-list
|             |-int 1
|             \-int 2


############################################################


GENERATED FUNCTION 19 in 00:09:51.4203957:

void Sort(int[] A)
{
    if(A[2] > A[3])
    {
        Swap(A, 2, 3);
    }
    if(A[0] > A[1])
    {
        Swap(A, 0, 1);
    }
    if(A[1] > A[3])
    {
        Swap(A, 1, 3);
    }
    if(A[0] > A[2])
    {
        Swap(A, 0, 2);
    }
    if(A[1] > A[2])
    {
        Swap(A, 1, 2);
    }
}

Function    Count       ExecCount   AvgExeCount MinExeCount MaxExeCount 
--------    -----       ---------   ----------- ----------- ----------- 
sort        1           24          1           1           1           
if          5           120         5           5           5           
gt          5           120         5           5           5           
gv          10          240         10          10          10          
swap        5           64          2.667       1           5           
list        16          24          1           1           1           


|-sort			swap:5 if:5 States:2359, 2359, 2359, 2359, 2359, 2359, 2359, 2359, 2359, 2359, 2359, 2359, 2359, 2359, 2359, 2359, 2359, 2359, 2359, 2359, 2359, 2359, 2359, 2359 Scope:0,1,2,3,4,5,6,7,8,9,10,11,12,13,14,15,16,17,18,19,20,21,22,23
| |-list
| \-if			swap:5 if:5 States:2359, 2359, 2359, 2359, 2359, 2359, 2359, 2359, 2359, 2359, 2359, 2359, 2359, 2359, 2359, 2359, 2359, 2359, 2359, 2359, 2359, 2359, 2359, 2359 Scope:0,2,4,6,8,10,12,14,16,18,20,22
|   |-gt
|   | |-gv
|   | | |-list
|   | | \-int 2
|   | \-gv
|   |   |-list
|   |   \-int 3
|   \-swap			swap:1 if:1 States:9523, 9523, 9325, 9325, 9235, 9235, 5923, 5923, 5329, 5329, 5239, 5239, 3925, 3925, 3529, 3529, 3259, 3259, 2935, 2935, 2539, 2539, 2359, 2359 Scope:0,2,4,6,8,10,12,14,16,18,20,22
|     |-list
|     |-int 2
|     \-int 3
|   \-if			swap:5 if:5 States:2359, 2359, 2359, 2359, 2359, 2359, 2359, 2359, 2359, 2359, 2359, 2359, 2359, 2359, 2359, 2359, 2359, 2359, 2359, 2359, 2359, 2359, 2359, 2359 Scope:0,1,2,3,4,5,8,9,10,11,16,17
|     |-gt
|     | |-gv
|     | | |-list
|     | | \-int 0
|     | \-gv
|     |   |-list
|     |   \-int 1
|     \-swap			swap:2 if:2 States:5923, 5923, 3925, 3925, 2935, 2935, 5923, 5923, 3529, 3529, 2539, 2539, 3925, 3925, 3529, 3529, 2359, 2359, 2935, 2935, 2539, 2539, 2359, 2359 Scope:0,1,2,3,4,5,8,9,10,11,16,17
|       |-list
|       |-int 0
|       \-int 1
|     \-if			swap:5 if:5 States:2359, 2359, 2359, 2359, 2359, 2359, 2359, 2359, 2359, 2359, 2359, 2359, 2359, 2359, 2359, 2359, 2359, 2359, 2359, 2359, 2359, 2359, 2359, 2359 Scope:0,1,2,3,4,5,6,7,12,13,18,19
|       |-gt
|       | |-gv
|       | | |-list
|       | | \-int 1
|       | \-gv
|       |   |-list
|       |   \-int 3
|       \-swap			swap:3 if:3 States:5329, 5329, 3529, 3529, 2539, 2539, 5329, 5329, 3529, 3529, 2539, 2539, 3529, 3529, 3529, 3529, 2359, 2359, 2539, 2539, 2539, 2539, 2359, 2359 Scope:0,1,2,3,4,5,6,7,12,13,18,19
|         |-list
|         |-int 1
|         \-int 3
|       \-if			swap:5 if:5 States:2359, 2359, 2359, 2359, 2359, 2359, 2359, 2359, 2359, 2359, 2359, 2359, 2359, 2359, 2359, 2359, 2359, 2359, 2359, 2359, 2359, 2359, 2359, 2359 Scope:0,1,2,3,6,7,8,9,12,13,14,15
|         |-gt
|         | |-gv
|         | | |-list
|         | | \-int 0
|         | \-gv
|         |   |-list
|         |   \-int 2
|         \-swap			swap:4 if:4 States:2359, 2359, 2539, 2539, 2539, 2539, 2359, 2359, 2539, 2539, 2539, 2539, 2539, 2539, 2539, 2539, 2359, 2359, 2539, 2539, 2539, 2539, 2359, 2359 Scope:0,1,2,3,6,7,8,9,12,13,14,15
|           |-list
|           |-int 0
|           \-int 2
|         \-if			swap:5 if:5 States:2359, 2359, 2359, 2359, 2359, 2359, 2359, 2359, 2359, 2359, 2359, 2359, 2359, 2359, 2359, 2359, 2359, 2359, 2359, 2359, 2359, 2359, 2359, 2359 Scope:2,3,4,5,8,9,10,11,12,13,14,15,18,19,20,21
|           |-gt
|           | |-gv
|           | | |-list
|           | | \-int 1
|           | \-gv
|           |   |-list
|           |   \-int 2
|           \-swap			swap:5 if:5 States:2359, 2359, 2359, 2359, 2359, 2359, 2359, 2359, 2359, 2359, 2359, 2359, 2359, 2359, 2359, 2359, 2359, 2359, 2359, 2359, 2359, 2359, 2359, 2359 Scope:2,3,4,5,8,9,10,11,12,13,14,15,18,19,20,21
|             |-list
|             |-int 1
|             \-int 2


############################################################


GENERATED FUNCTION 20 in 00:09:51.4219534:

void Sort(int[] A)
{
    if(A[2] > A[3])
    {
        Swap(A, 2, 3);
    }
    if(A[0] > A[1])
    {
        Swap(A, 0, 1);
    }
    if(A[1] > A[3])
    {
        Swap(A, 1, 3);
        Swap(A, 0, 2);
    }
    if(A[1] > A[2])
    {
        if(A[0] > A[2])
        {
            Swap(A, 0, 2);
        }
        Swap(A, 1, 2);
    }
}

Function    Count       ExecCount   AvgExeCount MinExeCount MaxExeCount 
--------    -----       ---------   ----------- ----------- ----------- 
sort        1           24          1           1           1           
if          5           112         4.667       4           5           
gt          5           112         4.667       4           5           
gv          10          224         9.333       8           10          
swap        6           72          3           1           6           
list        17          24          1           1           1           


|-sort			swap:6 if:5 States:2359, 2359, 2359, 2359, 2359, 2359, 2359, 2359, 2359, 2359, 2359, 2359, 2359, 2359, 2359, 2359, 2359, 2359, 2359, 2359, 2359, 2359, 2359, 2359 Scope:0,1,2,3,4,5,6,7,8,9,10,11,12,13,14,15,16,17,18,19,20,21,22,23
| |-list
| \-if			swap:6 if:5 States:2359, 2359, 2359, 2359, 2359, 2359, 2359, 2359, 2359, 2359, 2359, 2359, 2359, 2359, 2359, 2359, 2359, 2359, 2359, 2359, 2359, 2359, 2359, 2359 Scope:0,2,4,6,8,10,12,14,16,18,20,22
|   |-gt
|   | |-gv
|   | | |-list
|   | | \-int 2
|   | \-gv
|   |   |-list
|   |   \-int 3
|   \-swap			swap:1 if:1 States:9523, 9523, 9325, 9325, 9235, 9235, 5923, 5923, 5329, 5329, 5239, 5239, 3925, 3925, 3529, 3529, 3259, 3259, 2935, 2935, 2539, 2539, 2359, 2359 Scope:0,2,4,6,8,10,12,14,16,18,20,22
|     |-list
|     |-int 2
|     \-int 3
|   \-if			swap:6 if:5 States:2359, 2359, 2359, 2359, 2359, 2359, 2359, 2359, 2359, 2359, 2359, 2359, 2359, 2359, 2359, 2359, 2359, 2359, 2359, 2359, 2359, 2359, 2359, 2359 Scope:0,1,2,3,4,5,8,9,10,11,16,17
|     |-gt
|     | |-gv
|     | | |-list
|     | | \-int 0
|     | \-gv
|     |   |-list
|     |   \-int 1
|     \-swap			swap:2 if:2 States:5923, 5923, 3925, 3925, 2935, 2935, 5923, 5923, 3529, 3529, 2539, 2539, 3925, 3925, 3529, 3529, 2359, 2359, 2935, 2935, 2539, 2539, 2359, 2359 Scope:0,1,2,3,4,5,8,9,10,11,16,17
|       |-list
|       |-int 0
|       \-int 1
|     \-if			swap:6 if:5 States:2359, 2359, 2359, 2359, 2359, 2359, 2359, 2359, 2359, 2359, 2359, 2359, 2359, 2359, 2359, 2359, 2359, 2359, 2359, 2359, 2359, 2359, 2359, 2359 Scope:0,1,2,3,4,5,6,7,12,13,18,19
|       |-gt
|       | |-gv
|       | | |-list
|       | | \-int 1
|       | \-gv
|       |   |-list
|       |   \-int 3
|       \-swap			swap:4 if:3 States:2359, 2359, 2539, 2539, 3529, 3529, 2359, 2359, 3529, 3529, 2539, 2539, 2539, 2539, 3529, 3529, 2359, 2359, 3529, 3529, 2539, 2539, 2359, 2359 Scope:0,1,2,3,4,5,6,7,12,13,18,19
|         |-list
|         |-int 1
|         \-int 3
|         \-swap			swap:4 if:3 States:2359, 2359, 2539, 2539, 3529, 3529, 2359, 2359, 3529, 3529, 2539, 2539, 2539, 2539, 3529, 3529, 2359, 2359, 3529, 3529, 2539, 2539, 2359, 2359 Scope:0,1,2,3,4,5,6,7,12,13,18,19
|           |-list
|           |-int 0
|           \-int 2
|       \-if			swap:6 if:5 States:2359, 2359, 2359, 2359, 2359, 2359, 2359, 2359, 2359, 2359, 2359, 2359, 2359, 2359, 2359, 2359, 2359, 2359, 2359, 2359, 2359, 2359, 2359, 2359 Scope:2,3,4,5,8,9,10,11,12,13,14,15,18,19,20,21
|         |-gt
|         | |-gv
|         | | |-list
|         | | \-int 1
|         | \-gv
|         |   |-list
|         |   \-int 2
|         \-if			swap:6 if:5 States:2359, 2359, 2359, 2359, 2359, 2359, 2359, 2359, 2359, 2359, 2359, 2359, 2359, 2359, 2359, 2359, 2359, 2359, 2359, 2359, 2359, 2359, 2359, 2359 Scope:4,5,8,9,14,15,18,19
|           |-gt
|           | |-gv
|           | | |-list
|           | | \-int 0
|           | \-gv
|           |   |-list
|           |   \-int 2
|           \-swap			swap:5 if:5 States:2359, 2359, 2539, 2539, 2539, 2539, 2359, 2359, 2539, 2539, 2539, 2539, 2539, 2539, 2539, 2539, 2359, 2359, 2539, 2539, 2539, 2539, 2359, 2359 Scope:4,5,8,9,14,15,18,19
|             |-list
|             |-int 0
|             \-int 2
|           \-swap			swap:6 if:5 States:2359, 2359, 2359, 2359, 2359, 2359, 2359, 2359, 2359, 2359, 2359, 2359, 2359, 2359, 2359, 2359, 2359, 2359, 2359, 2359, 2359, 2359, 2359, 2359 Scope:2,3,4,5,8,9,10,11,12,13,14,15,18,19,20,21
|             |-list
|             |-int 1
|             \-int 2


############################################################


Total generated:109860541
Total time taken : 00:12:23.2107505ms
